title:My PVE Rolls
description:List of PVE Rolls i want

// Annual Skate (pve)
dimwishlist:item=6857689&perks=1926090092,3142289711,3436462433,4082225868
dimwishlist:item=6857689&perks=1926090092,3142289711,3436462433,2458213969
dimwishlist:item=6857689&perks=1926090092,3142289711,3436462433,1954620775
dimwishlist:item=6857689&perks=1926090092,3142289711,3436462433,2848615171
dimwishlist:item=6857689&perks=1926090092,3142289711,3400784728,4082225868
dimwishlist:item=6857689&perks=1926090092,3142289711,3400784728,2458213969
dimwishlist:item=6857689&perks=1926090092,3142289711,3400784728,1954620775
dimwishlist:item=6857689&perks=1926090092,3142289711,3400784728,2848615171
dimwishlist:item=6857689&perks=1926090092,3142289711,2946784966,4082225868
dimwishlist:item=6857689&perks=1926090092,3142289711,2946784966,2458213969
dimwishlist:item=6857689&perks=1926090092,3142289711,2946784966,1954620775
dimwishlist:item=6857689&perks=1926090092,3142289711,2946784966,2848615171
dimwishlist:item=6857689&perks=1926090092,1087426260,3436462433,4082225868
dimwishlist:item=6857689&perks=1926090092,1087426260,3436462433,2458213969
dimwishlist:item=6857689&perks=1926090092,1087426260,3436462433,1954620775
dimwishlist:item=6857689&perks=1926090092,1087426260,3436462433,2848615171
dimwishlist:item=6857689&perks=1926090092,1087426260,3400784728,4082225868
dimwishlist:item=6857689&perks=1926090092,1087426260,3400784728,2458213969
dimwishlist:item=6857689&perks=1926090092,1087426260,3400784728,1954620775
dimwishlist:item=6857689&perks=1926090092,1087426260,3400784728,2848615171
dimwishlist:item=6857689&perks=1926090092,1087426260,2946784966,4082225868
dimwishlist:item=6857689&perks=1926090092,1087426260,2946784966,2458213969
dimwishlist:item=6857689&perks=1926090092,1087426260,2946784966,1954620775
dimwishlist:item=6857689&perks=1926090092,1087426260,2946784966,2848615171
dimwishlist:item=6857689&perks=1926090092,106909392,3436462433,4082225868
dimwishlist:item=6857689&perks=1926090092,106909392,3436462433,2458213969
dimwishlist:item=6857689&perks=1926090092,106909392,3436462433,1954620775
dimwishlist:item=6857689&perks=1926090092,106909392,3436462433,2848615171
dimwishlist:item=6857689&perks=1926090092,106909392,3400784728,4082225868
dimwishlist:item=6857689&perks=1926090092,106909392,3400784728,2458213969
dimwishlist:item=6857689&perks=1926090092,106909392,3400784728,1954620775
dimwishlist:item=6857689&perks=1926090092,106909392,3400784728,2848615171
dimwishlist:item=6857689&perks=1926090092,106909392,2946784966,4082225868
dimwishlist:item=6857689&perks=1926090092,106909392,2946784966,2458213969
dimwishlist:item=6857689&perks=1926090092,106909392,2946784966,1954620775
dimwishlist:item=6857689&perks=1926090092,106909392,2946784966,2848615171
dimwishlist:item=6857689&perks=1926090093,3142289711,3436462433,4082225868
dimwishlist:item=6857689&perks=1926090093,3142289711,3436462433,2458213969
dimwishlist:item=6857689&perks=1926090093,3142289711,3436462433,1954620775
dimwishlist:item=6857689&perks=1926090093,3142289711,3436462433,2848615171
dimwishlist:item=6857689&perks=1926090093,3142289711,3400784728,4082225868
dimwishlist:item=6857689&perks=1926090093,3142289711,3400784728,2458213969
dimwishlist:item=6857689&perks=1926090093,3142289711,3400784728,1954620775
dimwishlist:item=6857689&perks=1926090093,3142289711,3400784728,2848615171
dimwishlist:item=6857689&perks=1926090093,3142289711,2946784966,4082225868
dimwishlist:item=6857689&perks=1926090093,3142289711,2946784966,2458213969
dimwishlist:item=6857689&perks=1926090093,3142289711,2946784966,1954620775
dimwishlist:item=6857689&perks=1926090093,3142289711,2946784966,2848615171
dimwishlist:item=6857689&perks=1926090093,1087426260,3436462433,4082225868
dimwishlist:item=6857689&perks=1926090093,1087426260,3436462433,2458213969
dimwishlist:item=6857689&perks=1926090093,1087426260,3436462433,1954620775
dimwishlist:item=6857689&perks=1926090093,1087426260,3436462433,2848615171
dimwishlist:item=6857689&perks=1926090093,1087426260,3400784728,4082225868
dimwishlist:item=6857689&perks=1926090093,1087426260,3400784728,2458213969
dimwishlist:item=6857689&perks=1926090093,1087426260,3400784728,1954620775
dimwishlist:item=6857689&perks=1926090093,1087426260,3400784728,2848615171
dimwishlist:item=6857689&perks=1926090093,1087426260,2946784966,4082225868
dimwishlist:item=6857689&perks=1926090093,1087426260,2946784966,2458213969
dimwishlist:item=6857689&perks=1926090093,1087426260,2946784966,1954620775
dimwishlist:item=6857689&perks=1926090093,1087426260,2946784966,2848615171
dimwishlist:item=6857689&perks=1926090093,106909392,3436462433,4082225868
dimwishlist:item=6857689&perks=1926090093,106909392,3436462433,2458213969
dimwishlist:item=6857689&perks=1926090093,106909392,3436462433,1954620775
dimwishlist:item=6857689&perks=1926090093,106909392,3436462433,2848615171
dimwishlist:item=6857689&perks=1926090093,106909392,3400784728,4082225868
dimwishlist:item=6857689&perks=1926090093,106909392,3400784728,2458213969
dimwishlist:item=6857689&perks=1926090093,106909392,3400784728,1954620775
dimwishlist:item=6857689&perks=1926090093,106909392,3400784728,2848615171
dimwishlist:item=6857689&perks=1926090093,106909392,2946784966,4082225868
dimwishlist:item=6857689&perks=1926090093,106909392,2946784966,2458213969
dimwishlist:item=6857689&perks=1926090093,106909392,2946784966,1954620775
dimwishlist:item=6857689&perks=1926090093,106909392,2946784966,2848615171


// Contingency Plan ()
dimwishlist:item=577528837&perks=1482024992,1087426260,1820235745,4104185692
dimwishlist:item=577528837&perks=1482024992,1087426260,1820235745,1015611457
dimwishlist:item=577528837&perks=1482024992,1087426260,1820235745,4049631843
dimwishlist:item=577528837&perks=1482024992,1087426260,3436462433,4104185692
dimwishlist:item=577528837&perks=1482024992,1087426260,3436462433,1015611457
dimwishlist:item=577528837&perks=1482024992,1087426260,3436462433,4049631843
dimwishlist:item=577528837&perks=1482024992,1087426260,2946784966,4104185692
dimwishlist:item=577528837&perks=1482024992,1087426260,2946784966,1015611457
dimwishlist:item=577528837&perks=1482024992,1087426260,2946784966,4049631843
dimwishlist:item=577528837&perks=1482024992,3142289711,1820235745,4104185692
dimwishlist:item=577528837&perks=1482024992,3142289711,1820235745,1015611457
dimwishlist:item=577528837&perks=1482024992,3142289711,1820235745,4049631843
dimwishlist:item=577528837&perks=1482024992,3142289711,3436462433,4104185692
dimwishlist:item=577528837&perks=1482024992,3142289711,3436462433,1015611457
dimwishlist:item=577528837&perks=1482024992,3142289711,3436462433,4049631843
dimwishlist:item=577528837&perks=1482024992,3142289711,2946784966,4104185692
dimwishlist:item=577528837&perks=1482024992,3142289711,2946784966,1015611457
dimwishlist:item=577528837&perks=1482024992,3142289711,2946784966,4049631843
dimwishlist:item=577528837&perks=1482024992,106909392,1820235745,4104185692
dimwishlist:item=577528837&perks=1482024992,106909392,1820235745,1015611457
dimwishlist:item=577528837&perks=1482024992,106909392,1820235745,4049631843
dimwishlist:item=577528837&perks=1482024992,106909392,3436462433,4104185692
dimwishlist:item=577528837&perks=1482024992,106909392,3436462433,1015611457
dimwishlist:item=577528837&perks=1482024992,106909392,3436462433,4049631843
dimwishlist:item=577528837&perks=1482024992,106909392,2946784966,4104185692
dimwishlist:item=577528837&perks=1482024992,106909392,2946784966,1015611457
dimwishlist:item=577528837&perks=1482024992,106909392,2946784966,4049631843
dimwishlist:item=577528837&perks=4090651448,1087426260,1820235745,4104185692
dimwishlist:item=577528837&perks=4090651448,1087426260,1820235745,1015611457
dimwishlist:item=577528837&perks=4090651448,1087426260,1820235745,4049631843
dimwishlist:item=577528837&perks=4090651448,1087426260,3436462433,4104185692
dimwishlist:item=577528837&perks=4090651448,1087426260,3436462433,1015611457
dimwishlist:item=577528837&perks=4090651448,1087426260,3436462433,4049631843
dimwishlist:item=577528837&perks=4090651448,1087426260,2946784966,4104185692
dimwishlist:item=577528837&perks=4090651448,1087426260,2946784966,1015611457
dimwishlist:item=577528837&perks=4090651448,1087426260,2946784966,4049631843
dimwishlist:item=577528837&perks=4090651448,3142289711,1820235745,4104185692
dimwishlist:item=577528837&perks=4090651448,3142289711,1820235745,1015611457
dimwishlist:item=577528837&perks=4090651448,3142289711,1820235745,4049631843
dimwishlist:item=577528837&perks=4090651448,3142289711,3436462433,4104185692
dimwishlist:item=577528837&perks=4090651448,3142289711,3436462433,1015611457
dimwishlist:item=577528837&perks=4090651448,3142289711,3436462433,4049631843
dimwishlist:item=577528837&perks=4090651448,3142289711,2946784966,4104185692
dimwishlist:item=577528837&perks=4090651448,3142289711,2946784966,1015611457
dimwishlist:item=577528837&perks=4090651448,3142289711,2946784966,4049631843
dimwishlist:item=577528837&perks=4090651448,106909392,1820235745,4104185692
dimwishlist:item=577528837&perks=4090651448,106909392,1820235745,1015611457
dimwishlist:item=577528837&perks=4090651448,106909392,1820235745,4049631843
dimwishlist:item=577528837&perks=4090651448,106909392,3436462433,4104185692
dimwishlist:item=577528837&perks=4090651448,106909392,3436462433,1015611457
dimwishlist:item=577528837&perks=4090651448,106909392,3436462433,4049631843
dimwishlist:item=577528837&perks=4090651448,106909392,2946784966,4104185692
dimwishlist:item=577528837&perks=4090651448,106909392,2946784966,1015611457
dimwishlist:item=577528837&perks=4090651448,106909392,2946784966,4049631843
dimwishlist:item=577528837&perks=3250034553,1087426260,1820235745,4104185692
dimwishlist:item=577528837&perks=3250034553,1087426260,1820235745,1015611457
dimwishlist:item=577528837&perks=3250034553,1087426260,1820235745,4049631843
dimwishlist:item=577528837&perks=3250034553,1087426260,3436462433,4104185692
dimwishlist:item=577528837&perks=3250034553,1087426260,3436462433,1015611457
dimwishlist:item=577528837&perks=3250034553,1087426260,3436462433,4049631843
dimwishlist:item=577528837&perks=3250034553,1087426260,2946784966,4104185692
dimwishlist:item=577528837&perks=3250034553,1087426260,2946784966,1015611457
dimwishlist:item=577528837&perks=3250034553,1087426260,2946784966,4049631843
dimwishlist:item=577528837&perks=3250034553,3142289711,1820235745,4104185692
dimwishlist:item=577528837&perks=3250034553,3142289711,1820235745,1015611457
dimwishlist:item=577528837&perks=3250034553,3142289711,1820235745,4049631843
dimwishlist:item=577528837&perks=3250034553,3142289711,3436462433,4104185692
dimwishlist:item=577528837&perks=3250034553,3142289711,3436462433,1015611457
dimwishlist:item=577528837&perks=3250034553,3142289711,3436462433,4049631843
dimwishlist:item=577528837&perks=3250034553,3142289711,2946784966,4104185692
dimwishlist:item=577528837&perks=3250034553,3142289711,2946784966,1015611457
dimwishlist:item=577528837&perks=3250034553,3142289711,2946784966,4049631843
dimwishlist:item=577528837&perks=3250034553,106909392,1820235745,4104185692
dimwishlist:item=577528837&perks=3250034553,106909392,1820235745,1015611457
dimwishlist:item=577528837&perks=3250034553,106909392,1820235745,4049631843
dimwishlist:item=577528837&perks=3250034553,106909392,3436462433,4104185692
dimwishlist:item=577528837&perks=3250034553,106909392,3436462433,1015611457
dimwishlist:item=577528837&perks=3250034553,106909392,3436462433,4049631843
dimwishlist:item=577528837&perks=3250034553,106909392,2946784966,4104185692
dimwishlist:item=577528837&perks=3250034553,106909392,2946784966,1015611457
dimwishlist:item=577528837&perks=3250034553,106909392,2946784966,4049631843


// Scathelocke (pve,god-pve)
dimwishlist:item=602618796&perks=1482024992,3142289711,1820235745,3425386926
dimwishlist:item=602618796&perks=1482024992,3142289711,1820235745,1774574192
dimwishlist:item=602618796&perks=1482024992,3142289711,1820235745,2458213969
dimwishlist:item=602618796&perks=1482024992,3142289711,2946784966,3425386926
dimwishlist:item=602618796&perks=1482024992,3142289711,2946784966,1774574192
dimwishlist:item=602618796&perks=1482024992,3142289711,2946784966,2458213969
dimwishlist:item=602618796&perks=1482024992,1087426260,1820235745,3425386926
dimwishlist:item=602618796&perks=1482024992,1087426260,1820235745,1774574192
dimwishlist:item=602618796&perks=1482024992,1087426260,1820235745,2458213969
dimwishlist:item=602618796&perks=1482024992,1087426260,2946784966,3425386926
dimwishlist:item=602618796&perks=1482024992,1087426260,2946784966,1774574192
dimwishlist:item=602618796&perks=1482024992,1087426260,2946784966,2458213969
dimwishlist:item=602618796&perks=1482024992,106909392,1820235745,3425386926
dimwishlist:item=602618796&perks=1482024992,106909392,1820235745,1774574192
dimwishlist:item=602618796&perks=1482024992,106909392,1820235745,2458213969
dimwishlist:item=602618796&perks=1482024992,106909392,2946784966,3425386926
dimwishlist:item=602618796&perks=1482024992,106909392,2946784966,1774574192
dimwishlist:item=602618796&perks=1482024992,106909392,2946784966,2458213969
dimwishlist:item=602618796&perks=3250034553,3142289711,1820235745,3425386926
dimwishlist:item=602618796&perks=3250034553,3142289711,1820235745,1774574192
dimwishlist:item=602618796&perks=3250034553,3142289711,1820235745,2458213969
dimwishlist:item=602618796&perks=3250034553,3142289711,2946784966,3425386926
dimwishlist:item=602618796&perks=3250034553,3142289711,2946784966,1774574192
dimwishlist:item=602618796&perks=3250034553,3142289711,2946784966,2458213969
dimwishlist:item=602618796&perks=3250034553,1087426260,1820235745,3425386926
dimwishlist:item=602618796&perks=3250034553,1087426260,1820235745,1774574192
dimwishlist:item=602618796&perks=3250034553,1087426260,1820235745,2458213969
dimwishlist:item=602618796&perks=3250034553,1087426260,2946784966,3425386926
dimwishlist:item=602618796&perks=3250034553,1087426260,2946784966,1774574192
dimwishlist:item=602618796&perks=3250034553,1087426260,2946784966,2458213969
dimwishlist:item=602618796&perks=3250034553,106909392,1820235745,3425386926
dimwishlist:item=602618796&perks=3250034553,106909392,1820235745,1774574192
dimwishlist:item=602618796&perks=3250034553,106909392,1820235745,2458213969
dimwishlist:item=602618796&perks=3250034553,106909392,2946784966,3425386926
dimwishlist:item=602618796&perks=3250034553,106909392,2946784966,1774574192
dimwishlist:item=602618796&perks=3250034553,106909392,2946784966,2458213969


// Chrysura Melo (pve)
dimwishlist:item=1337707096&perks=839105230,106909392,1570042021,438098033
dimwishlist:item=1337707096&perks=839105230,106909392,1570042021,3523296417
dimwishlist:item=1337707096&perks=839105230,106909392,1570042021,4104185692
dimwishlist:item=1337707096&perks=839105230,106909392,1570042021,2458213969
dimwishlist:item=1337707096&perks=839105230,106909392,1570042021,2848615171
dimwishlist:item=1337707096&perks=839105230,106909392,1195158366,438098033
dimwishlist:item=1337707096&perks=839105230,106909392,1195158366,3523296417
dimwishlist:item=1337707096&perks=839105230,106909392,1195158366,4104185692
dimwishlist:item=1337707096&perks=839105230,106909392,1195158366,2458213969
dimwishlist:item=1337707096&perks=839105230,106909392,1195158366,2848615171
dimwishlist:item=1337707096&perks=839105230,1087426260,1570042021,438098033
dimwishlist:item=1337707096&perks=839105230,1087426260,1570042021,3523296417
dimwishlist:item=1337707096&perks=839105230,1087426260,1570042021,4104185692
dimwishlist:item=1337707096&perks=839105230,1087426260,1570042021,2458213969
dimwishlist:item=1337707096&perks=839105230,1087426260,1570042021,2848615171
dimwishlist:item=1337707096&perks=839105230,1087426260,1195158366,438098033
dimwishlist:item=1337707096&perks=839105230,1087426260,1195158366,3523296417
dimwishlist:item=1337707096&perks=839105230,1087426260,1195158366,4104185692
dimwishlist:item=1337707096&perks=839105230,1087426260,1195158366,2458213969
dimwishlist:item=1337707096&perks=839105230,1087426260,1195158366,2848615171
dimwishlist:item=1337707096&perks=839105230,3142289711,1570042021,438098033
dimwishlist:item=1337707096&perks=839105230,3142289711,1570042021,3523296417
dimwishlist:item=1337707096&perks=839105230,3142289711,1570042021,4104185692
dimwishlist:item=1337707096&perks=839105230,3142289711,1570042021,2458213969
dimwishlist:item=1337707096&perks=839105230,3142289711,1570042021,2848615171
dimwishlist:item=1337707096&perks=839105230,3142289711,1195158366,438098033
dimwishlist:item=1337707096&perks=839105230,3142289711,1195158366,3523296417
dimwishlist:item=1337707096&perks=839105230,3142289711,1195158366,4104185692
dimwishlist:item=1337707096&perks=839105230,3142289711,1195158366,2458213969
dimwishlist:item=1337707096&perks=839105230,3142289711,1195158366,2848615171
dimwishlist:item=1337707096&perks=839105230,3230963543,1570042021,438098033
dimwishlist:item=1337707096&perks=839105230,3230963543,1570042021,3523296417
dimwishlist:item=1337707096&perks=839105230,3230963543,1570042021,4104185692
dimwishlist:item=1337707096&perks=839105230,3230963543,1570042021,2458213969
dimwishlist:item=1337707096&perks=839105230,3230963543,1570042021,2848615171
dimwishlist:item=1337707096&perks=839105230,3230963543,1195158366,438098033
dimwishlist:item=1337707096&perks=839105230,3230963543,1195158366,3523296417
dimwishlist:item=1337707096&perks=839105230,3230963543,1195158366,4104185692
dimwishlist:item=1337707096&perks=839105230,3230963543,1195158366,2458213969
dimwishlist:item=1337707096&perks=839105230,3230963543,1195158366,2848615171
dimwishlist:item=1337707096&perks=1840239774,106909392,1570042021,438098033
dimwishlist:item=1337707096&perks=1840239774,106909392,1570042021,3523296417
dimwishlist:item=1337707096&perks=1840239774,106909392,1570042021,4104185692
dimwishlist:item=1337707096&perks=1840239774,106909392,1570042021,2458213969
dimwishlist:item=1337707096&perks=1840239774,106909392,1570042021,2848615171
dimwishlist:item=1337707096&perks=1840239774,106909392,1195158366,438098033
dimwishlist:item=1337707096&perks=1840239774,106909392,1195158366,3523296417
dimwishlist:item=1337707096&perks=1840239774,106909392,1195158366,4104185692
dimwishlist:item=1337707096&perks=1840239774,106909392,1195158366,2458213969
dimwishlist:item=1337707096&perks=1840239774,106909392,1195158366,2848615171
dimwishlist:item=1337707096&perks=1840239774,1087426260,1570042021,438098033
dimwishlist:item=1337707096&perks=1840239774,1087426260,1570042021,3523296417
dimwishlist:item=1337707096&perks=1840239774,1087426260,1570042021,4104185692
dimwishlist:item=1337707096&perks=1840239774,1087426260,1570042021,2458213969
dimwishlist:item=1337707096&perks=1840239774,1087426260,1570042021,2848615171
dimwishlist:item=1337707096&perks=1840239774,1087426260,1195158366,438098033
dimwishlist:item=1337707096&perks=1840239774,1087426260,1195158366,3523296417
dimwishlist:item=1337707096&perks=1840239774,1087426260,1195158366,4104185692
dimwishlist:item=1337707096&perks=1840239774,1087426260,1195158366,2458213969
dimwishlist:item=1337707096&perks=1840239774,1087426260,1195158366,2848615171
dimwishlist:item=1337707096&perks=1840239774,3142289711,1570042021,438098033
dimwishlist:item=1337707096&perks=1840239774,3142289711,1570042021,3523296417
dimwishlist:item=1337707096&perks=1840239774,3142289711,1570042021,4104185692
dimwishlist:item=1337707096&perks=1840239774,3142289711,1570042021,2458213969
dimwishlist:item=1337707096&perks=1840239774,3142289711,1570042021,2848615171
dimwishlist:item=1337707096&perks=1840239774,3142289711,1195158366,438098033
dimwishlist:item=1337707096&perks=1840239774,3142289711,1195158366,3523296417
dimwishlist:item=1337707096&perks=1840239774,3142289711,1195158366,4104185692
dimwishlist:item=1337707096&perks=1840239774,3142289711,1195158366,2458213969
dimwishlist:item=1337707096&perks=1840239774,3142289711,1195158366,2848615171
dimwishlist:item=1337707096&perks=1840239774,3230963543,1570042021,438098033
dimwishlist:item=1337707096&perks=1840239774,3230963543,1570042021,3523296417
dimwishlist:item=1337707096&perks=1840239774,3230963543,1570042021,4104185692
dimwishlist:item=1337707096&perks=1840239774,3230963543,1570042021,2458213969
dimwishlist:item=1337707096&perks=1840239774,3230963543,1570042021,2848615171
dimwishlist:item=1337707096&perks=1840239774,3230963543,1195158366,438098033
dimwishlist:item=1337707096&perks=1840239774,3230963543,1195158366,3523296417
dimwishlist:item=1337707096&perks=1840239774,3230963543,1195158366,4104185692
dimwishlist:item=1337707096&perks=1840239774,3230963543,1195158366,2458213969
dimwishlist:item=1337707096&perks=1840239774,3230963543,1195158366,2848615171
dimwishlist:item=1337707096&perks=1392496348,106909392,1570042021,438098033
dimwishlist:item=1337707096&perks=1392496348,106909392,1570042021,3523296417
dimwishlist:item=1337707096&perks=1392496348,106909392,1570042021,4104185692
dimwishlist:item=1337707096&perks=1392496348,106909392,1570042021,2458213969
dimwishlist:item=1337707096&perks=1392496348,106909392,1570042021,2848615171
dimwishlist:item=1337707096&perks=1392496348,106909392,1195158366,438098033
dimwishlist:item=1337707096&perks=1392496348,106909392,1195158366,3523296417
dimwishlist:item=1337707096&perks=1392496348,106909392,1195158366,4104185692
dimwishlist:item=1337707096&perks=1392496348,106909392,1195158366,2458213969
dimwishlist:item=1337707096&perks=1392496348,106909392,1195158366,2848615171
dimwishlist:item=1337707096&perks=1392496348,1087426260,1570042021,438098033
dimwishlist:item=1337707096&perks=1392496348,1087426260,1570042021,3523296417
dimwishlist:item=1337707096&perks=1392496348,1087426260,1570042021,4104185692
dimwishlist:item=1337707096&perks=1392496348,1087426260,1570042021,2458213969
dimwishlist:item=1337707096&perks=1392496348,1087426260,1570042021,2848615171
dimwishlist:item=1337707096&perks=1392496348,1087426260,1195158366,438098033
dimwishlist:item=1337707096&perks=1392496348,1087426260,1195158366,3523296417
dimwishlist:item=1337707096&perks=1392496348,1087426260,1195158366,4104185692
dimwishlist:item=1337707096&perks=1392496348,1087426260,1195158366,2458213969
dimwishlist:item=1337707096&perks=1392496348,1087426260,1195158366,2848615171
dimwishlist:item=1337707096&perks=1392496348,3142289711,1570042021,438098033
dimwishlist:item=1337707096&perks=1392496348,3142289711,1570042021,3523296417
dimwishlist:item=1337707096&perks=1392496348,3142289711,1570042021,4104185692
dimwishlist:item=1337707096&perks=1392496348,3142289711,1570042021,2458213969
dimwishlist:item=1337707096&perks=1392496348,3142289711,1570042021,2848615171
dimwishlist:item=1337707096&perks=1392496348,3142289711,1195158366,438098033
dimwishlist:item=1337707096&perks=1392496348,3142289711,1195158366,3523296417
dimwishlist:item=1337707096&perks=1392496348,3142289711,1195158366,4104185692
dimwishlist:item=1337707096&perks=1392496348,3142289711,1195158366,2458213969
dimwishlist:item=1337707096&perks=1392496348,3142289711,1195158366,2848615171
dimwishlist:item=1337707096&perks=1392496348,3230963543,1570042021,438098033
dimwishlist:item=1337707096&perks=1392496348,3230963543,1570042021,3523296417
dimwishlist:item=1337707096&perks=1392496348,3230963543,1570042021,4104185692
dimwishlist:item=1337707096&perks=1392496348,3230963543,1570042021,2458213969
dimwishlist:item=1337707096&perks=1392496348,3230963543,1570042021,2848615171
dimwishlist:item=1337707096&perks=1392496348,3230963543,1195158366,438098033
dimwishlist:item=1337707096&perks=1392496348,3230963543,1195158366,3523296417
dimwishlist:item=1337707096&perks=1392496348,3230963543,1195158366,4104185692
dimwishlist:item=1337707096&perks=1392496348,3230963543,1195158366,2458213969
dimwishlist:item=1337707096&perks=1392496348,3230963543,1195158366,2848615171
dimwishlist:item=1337707096&perks=1482024992,106909392,1570042021,438098033
dimwishlist:item=1337707096&perks=1482024992,106909392,1570042021,3523296417
dimwishlist:item=1337707096&perks=1482024992,106909392,1570042021,4104185692
dimwishlist:item=1337707096&perks=1482024992,106909392,1570042021,2458213969
dimwishlist:item=1337707096&perks=1482024992,106909392,1570042021,2848615171
dimwishlist:item=1337707096&perks=1482024992,106909392,1195158366,438098033
dimwishlist:item=1337707096&perks=1482024992,106909392,1195158366,3523296417
dimwishlist:item=1337707096&perks=1482024992,106909392,1195158366,4104185692
dimwishlist:item=1337707096&perks=1482024992,106909392,1195158366,2458213969
dimwishlist:item=1337707096&perks=1482024992,106909392,1195158366,2848615171
dimwishlist:item=1337707096&perks=1482024992,1087426260,1570042021,438098033
dimwishlist:item=1337707096&perks=1482024992,1087426260,1570042021,3523296417
dimwishlist:item=1337707096&perks=1482024992,1087426260,1570042021,4104185692
dimwishlist:item=1337707096&perks=1482024992,1087426260,1570042021,2458213969
dimwishlist:item=1337707096&perks=1482024992,1087426260,1570042021,2848615171
dimwishlist:item=1337707096&perks=1482024992,1087426260,1195158366,438098033
dimwishlist:item=1337707096&perks=1482024992,1087426260,1195158366,3523296417
dimwishlist:item=1337707096&perks=1482024992,1087426260,1195158366,4104185692
dimwishlist:item=1337707096&perks=1482024992,1087426260,1195158366,2458213969
dimwishlist:item=1337707096&perks=1482024992,1087426260,1195158366,2848615171
dimwishlist:item=1337707096&perks=1482024992,3142289711,1570042021,438098033
dimwishlist:item=1337707096&perks=1482024992,3142289711,1570042021,3523296417
dimwishlist:item=1337707096&perks=1482024992,3142289711,1570042021,4104185692
dimwishlist:item=1337707096&perks=1482024992,3142289711,1570042021,2458213969
dimwishlist:item=1337707096&perks=1482024992,3142289711,1570042021,2848615171
dimwishlist:item=1337707096&perks=1482024992,3142289711,1195158366,438098033
dimwishlist:item=1337707096&perks=1482024992,3142289711,1195158366,3523296417
dimwishlist:item=1337707096&perks=1482024992,3142289711,1195158366,4104185692
dimwishlist:item=1337707096&perks=1482024992,3142289711,1195158366,2458213969
dimwishlist:item=1337707096&perks=1482024992,3142289711,1195158366,2848615171
dimwishlist:item=1337707096&perks=1482024992,3230963543,1570042021,438098033
dimwishlist:item=1337707096&perks=1482024992,3230963543,1570042021,3523296417
dimwishlist:item=1337707096&perks=1482024992,3230963543,1570042021,4104185692
dimwishlist:item=1337707096&perks=1482024992,3230963543,1570042021,2458213969
dimwishlist:item=1337707096&perks=1482024992,3230963543,1570042021,2848615171
dimwishlist:item=1337707096&perks=1482024992,3230963543,1195158366,438098033
dimwishlist:item=1337707096&perks=1482024992,3230963543,1195158366,3523296417
dimwishlist:item=1337707096&perks=1482024992,3230963543,1195158366,4104185692
dimwishlist:item=1337707096&perks=1482024992,3230963543,1195158366,2458213969
dimwishlist:item=1337707096&perks=1482024992,3230963543,1195158366,2848615171
dimwishlist:item=1337707096&perks=4090651448,106909392,1570042021,438098033
dimwishlist:item=1337707096&perks=4090651448,106909392,1570042021,3523296417
dimwishlist:item=1337707096&perks=4090651448,106909392,1570042021,4104185692
dimwishlist:item=1337707096&perks=4090651448,106909392,1570042021,2458213969
dimwishlist:item=1337707096&perks=4090651448,106909392,1570042021,2848615171
dimwishlist:item=1337707096&perks=4090651448,106909392,1195158366,438098033
dimwishlist:item=1337707096&perks=4090651448,106909392,1195158366,3523296417
dimwishlist:item=1337707096&perks=4090651448,106909392,1195158366,4104185692
dimwishlist:item=1337707096&perks=4090651448,106909392,1195158366,2458213969
dimwishlist:item=1337707096&perks=4090651448,106909392,1195158366,2848615171
dimwishlist:item=1337707096&perks=4090651448,1087426260,1570042021,438098033
dimwishlist:item=1337707096&perks=4090651448,1087426260,1570042021,3523296417
dimwishlist:item=1337707096&perks=4090651448,1087426260,1570042021,4104185692
dimwishlist:item=1337707096&perks=4090651448,1087426260,1570042021,2458213969
dimwishlist:item=1337707096&perks=4090651448,1087426260,1570042021,2848615171
dimwishlist:item=1337707096&perks=4090651448,1087426260,1195158366,438098033
dimwishlist:item=1337707096&perks=4090651448,1087426260,1195158366,3523296417
dimwishlist:item=1337707096&perks=4090651448,1087426260,1195158366,4104185692
dimwishlist:item=1337707096&perks=4090651448,1087426260,1195158366,2458213969
dimwishlist:item=1337707096&perks=4090651448,1087426260,1195158366,2848615171
dimwishlist:item=1337707096&perks=4090651448,3142289711,1570042021,438098033
dimwishlist:item=1337707096&perks=4090651448,3142289711,1570042021,3523296417
dimwishlist:item=1337707096&perks=4090651448,3142289711,1570042021,4104185692
dimwishlist:item=1337707096&perks=4090651448,3142289711,1570042021,2458213969
dimwishlist:item=1337707096&perks=4090651448,3142289711,1570042021,2848615171
dimwishlist:item=1337707096&perks=4090651448,3142289711,1195158366,438098033
dimwishlist:item=1337707096&perks=4090651448,3142289711,1195158366,3523296417
dimwishlist:item=1337707096&perks=4090651448,3142289711,1195158366,4104185692
dimwishlist:item=1337707096&perks=4090651448,3142289711,1195158366,2458213969
dimwishlist:item=1337707096&perks=4090651448,3142289711,1195158366,2848615171
dimwishlist:item=1337707096&perks=4090651448,3230963543,1570042021,438098033
dimwishlist:item=1337707096&perks=4090651448,3230963543,1570042021,3523296417
dimwishlist:item=1337707096&perks=4090651448,3230963543,1570042021,4104185692
dimwishlist:item=1337707096&perks=4090651448,3230963543,1570042021,2458213969
dimwishlist:item=1337707096&perks=4090651448,3230963543,1570042021,2848615171
dimwishlist:item=1337707096&perks=4090651448,3230963543,1195158366,438098033
dimwishlist:item=1337707096&perks=4090651448,3230963543,1195158366,3523296417
dimwishlist:item=1337707096&perks=4090651448,3230963543,1195158366,4104185692
dimwishlist:item=1337707096&perks=4090651448,3230963543,1195158366,2458213969
dimwishlist:item=1337707096&perks=4090651448,3230963543,1195158366,2848615171
dimwishlist:item=1337707096&perks=3250034553,106909392,1570042021,438098033
dimwishlist:item=1337707096&perks=3250034553,106909392,1570042021,3523296417
dimwishlist:item=1337707096&perks=3250034553,106909392,1570042021,4104185692
dimwishlist:item=1337707096&perks=3250034553,106909392,1570042021,2458213969
dimwishlist:item=1337707096&perks=3250034553,106909392,1570042021,2848615171
dimwishlist:item=1337707096&perks=3250034553,106909392,1195158366,438098033
dimwishlist:item=1337707096&perks=3250034553,106909392,1195158366,3523296417
dimwishlist:item=1337707096&perks=3250034553,106909392,1195158366,4104185692
dimwishlist:item=1337707096&perks=3250034553,106909392,1195158366,2458213969
dimwishlist:item=1337707096&perks=3250034553,106909392,1195158366,2848615171
dimwishlist:item=1337707096&perks=3250034553,1087426260,1570042021,438098033
dimwishlist:item=1337707096&perks=3250034553,1087426260,1570042021,3523296417
dimwishlist:item=1337707096&perks=3250034553,1087426260,1570042021,4104185692
dimwishlist:item=1337707096&perks=3250034553,1087426260,1570042021,2458213969
dimwishlist:item=1337707096&perks=3250034553,1087426260,1570042021,2848615171
dimwishlist:item=1337707096&perks=3250034553,1087426260,1195158366,438098033
dimwishlist:item=1337707096&perks=3250034553,1087426260,1195158366,3523296417
dimwishlist:item=1337707096&perks=3250034553,1087426260,1195158366,4104185692
dimwishlist:item=1337707096&perks=3250034553,1087426260,1195158366,2458213969
dimwishlist:item=1337707096&perks=3250034553,1087426260,1195158366,2848615171
dimwishlist:item=1337707096&perks=3250034553,3142289711,1570042021,438098033
dimwishlist:item=1337707096&perks=3250034553,3142289711,1570042021,3523296417
dimwishlist:item=1337707096&perks=3250034553,3142289711,1570042021,4104185692
dimwishlist:item=1337707096&perks=3250034553,3142289711,1570042021,2458213969
dimwishlist:item=1337707096&perks=3250034553,3142289711,1570042021,2848615171
dimwishlist:item=1337707096&perks=3250034553,3142289711,1195158366,438098033
dimwishlist:item=1337707096&perks=3250034553,3142289711,1195158366,3523296417
dimwishlist:item=1337707096&perks=3250034553,3142289711,1195158366,4104185692
dimwishlist:item=1337707096&perks=3250034553,3142289711,1195158366,2458213969
dimwishlist:item=1337707096&perks=3250034553,3142289711,1195158366,2848615171
dimwishlist:item=1337707096&perks=3250034553,3230963543,1570042021,438098033
dimwishlist:item=1337707096&perks=3250034553,3230963543,1570042021,3523296417
dimwishlist:item=1337707096&perks=3250034553,3230963543,1570042021,4104185692
dimwishlist:item=1337707096&perks=3250034553,3230963543,1570042021,2458213969
dimwishlist:item=1337707096&perks=3250034553,3230963543,1570042021,2848615171
dimwishlist:item=1337707096&perks=3250034553,3230963543,1195158366,438098033
dimwishlist:item=1337707096&perks=3250034553,3230963543,1195158366,3523296417
dimwishlist:item=1337707096&perks=3250034553,3230963543,1195158366,4104185692
dimwishlist:item=1337707096&perks=3250034553,3230963543,1195158366,2458213969
dimwishlist:item=1337707096&perks=3250034553,3230963543,1195158366,2848615171


// Vulpecula (god-pve,pve)
dimwishlist:item=1622998472&perks=1482024992,3142289711,3700496672,124408337
dimwishlist:item=1622998472&perks=1482024992,3142289711,3700496672,438098033
dimwishlist:item=1622998472&perks=1482024992,3142289711,3700496672,3038247973
dimwishlist:item=1622998472&perks=1482024992,3142289711,3700496672,2458213969
dimwishlist:item=1622998472&perks=1482024992,3142289711,1195158366,124408337
dimwishlist:item=1622998472&perks=1482024992,3142289711,1195158366,438098033
dimwishlist:item=1622998472&perks=1482024992,3142289711,1195158366,3038247973
dimwishlist:item=1622998472&perks=1482024992,3142289711,1195158366,2458213969
dimwishlist:item=1622998472&perks=1482024992,3142289711,2946784966,124408337
dimwishlist:item=1622998472&perks=1482024992,3142289711,2946784966,438098033
dimwishlist:item=1622998472&perks=1482024992,3142289711,2946784966,3038247973
dimwishlist:item=1622998472&perks=1482024992,3142289711,2946784966,2458213969
dimwishlist:item=1622998472&perks=1482024992,106909392,3700496672,124408337
dimwishlist:item=1622998472&perks=1482024992,106909392,3700496672,438098033
dimwishlist:item=1622998472&perks=1482024992,106909392,3700496672,3038247973
dimwishlist:item=1622998472&perks=1482024992,106909392,3700496672,2458213969
dimwishlist:item=1622998472&perks=1482024992,106909392,1195158366,124408337
dimwishlist:item=1622998472&perks=1482024992,106909392,1195158366,438098033
dimwishlist:item=1622998472&perks=1482024992,106909392,1195158366,3038247973
dimwishlist:item=1622998472&perks=1482024992,106909392,1195158366,2458213969
dimwishlist:item=1622998472&perks=1482024992,106909392,2946784966,124408337
dimwishlist:item=1622998472&perks=1482024992,106909392,2946784966,438098033
dimwishlist:item=1622998472&perks=1482024992,106909392,2946784966,3038247973
dimwishlist:item=1622998472&perks=1482024992,106909392,2946784966,2458213969
dimwishlist:item=1622998472&perks=202670084,3142289711,3700496672,124408337
dimwishlist:item=1622998472&perks=202670084,3142289711,3700496672,438098033
dimwishlist:item=1622998472&perks=202670084,3142289711,3700496672,3038247973
dimwishlist:item=1622998472&perks=202670084,3142289711,3700496672,2458213969
dimwishlist:item=1622998472&perks=202670084,3142289711,1195158366,124408337
dimwishlist:item=1622998472&perks=202670084,3142289711,1195158366,438098033
dimwishlist:item=1622998472&perks=202670084,3142289711,1195158366,3038247973
dimwishlist:item=1622998472&perks=202670084,3142289711,1195158366,2458213969
dimwishlist:item=1622998472&perks=202670084,3142289711,2946784966,124408337
dimwishlist:item=1622998472&perks=202670084,3142289711,2946784966,438098033
dimwishlist:item=1622998472&perks=202670084,3142289711,2946784966,3038247973
dimwishlist:item=1622998472&perks=202670084,3142289711,2946784966,2458213969
dimwishlist:item=1622998472&perks=202670084,106909392,3700496672,124408337
dimwishlist:item=1622998472&perks=202670084,106909392,3700496672,438098033
dimwishlist:item=1622998472&perks=202670084,106909392,3700496672,3038247973
dimwishlist:item=1622998472&perks=202670084,106909392,3700496672,2458213969
dimwishlist:item=1622998472&perks=202670084,106909392,1195158366,124408337
dimwishlist:item=1622998472&perks=202670084,106909392,1195158366,438098033
dimwishlist:item=1622998472&perks=202670084,106909392,1195158366,3038247973
dimwishlist:item=1622998472&perks=202670084,106909392,1195158366,2458213969
dimwishlist:item=1622998472&perks=202670084,106909392,2946784966,124408337
dimwishlist:item=1622998472&perks=202670084,106909392,2946784966,438098033
dimwishlist:item=1622998472&perks=202670084,106909392,2946784966,3038247973
dimwishlist:item=1622998472&perks=202670084,106909392,2946784966,2458213969
dimwishlist:item=1622998472&perks=1467527085,3142289711,3700496672,124408337
dimwishlist:item=1622998472&perks=1467527085,3142289711,3700496672,438098033
dimwishlist:item=1622998472&perks=1467527085,3142289711,3700496672,3038247973
dimwishlist:item=1622998472&perks=1467527085,3142289711,3700496672,2458213969
dimwishlist:item=1622998472&perks=1467527085,3142289711,1195158366,124408337
dimwishlist:item=1622998472&perks=1467527085,3142289711,1195158366,438098033
dimwishlist:item=1622998472&perks=1467527085,3142289711,1195158366,3038247973
dimwishlist:item=1622998472&perks=1467527085,3142289711,1195158366,2458213969
dimwishlist:item=1622998472&perks=1467527085,3142289711,2946784966,124408337
dimwishlist:item=1622998472&perks=1467527085,3142289711,2946784966,438098033
dimwishlist:item=1622998472&perks=1467527085,3142289711,2946784966,3038247973
dimwishlist:item=1622998472&perks=1467527085,3142289711,2946784966,2458213969
dimwishlist:item=1622998472&perks=1467527085,106909392,3700496672,124408337
dimwishlist:item=1622998472&perks=1467527085,106909392,3700496672,438098033
dimwishlist:item=1622998472&perks=1467527085,106909392,3700496672,3038247973
dimwishlist:item=1622998472&perks=1467527085,106909392,3700496672,2458213969
dimwishlist:item=1622998472&perks=1467527085,106909392,1195158366,124408337
dimwishlist:item=1622998472&perks=1467527085,106909392,1195158366,438098033
dimwishlist:item=1622998472&perks=1467527085,106909392,1195158366,3038247973
dimwishlist:item=1622998472&perks=1467527085,106909392,1195158366,2458213969
dimwishlist:item=1622998472&perks=1467527085,106909392,2946784966,124408337
dimwishlist:item=1622998472&perks=1467527085,106909392,2946784966,438098033
dimwishlist:item=1622998472&perks=1467527085,106909392,2946784966,3038247973
dimwishlist:item=1622998472&perks=1467527085,106909392,2946784966,2458213969


// Canis Major (pve)
dimwishlist:item=2066434718&perks=1478423395,3301904089,2284787283,1546637391
dimwishlist:item=2066434718&perks=1478423395,3301904089,2284787283,2396489472
dimwishlist:item=2066434718&perks=1478423395,3301904089,951095735,1546637391
dimwishlist:item=2066434718&perks=1478423395,3301904089,951095735,2396489472
dimwishlist:item=2066434718&perks=3798852852,3301904089,2284787283,1546637391
dimwishlist:item=2066434718&perks=3798852852,3301904089,2284787283,2396489472
dimwishlist:item=2066434718&perks=3798852852,3301904089,951095735,1546637391
dimwishlist:item=2066434718&perks=3798852852,3301904089,951095735,2396489472


// Sorrow's Verse (pve)
dimwishlist:item=2496875173&perks=1482024992,3142289711,1820235745,4104185692
dimwishlist:item=2496875173&perks=1482024992,3142289711,1820235745,438098033
dimwishlist:item=2496875173&perks=1482024992,3142289711,1820235745,3425386926
dimwishlist:item=2496875173&perks=1482024992,3142289711,1820235745,4049631843
dimwishlist:item=2496875173&perks=1482024992,3142289711,1820235745,3523296417
dimwishlist:item=2496875173&perks=1482024992,3142289711,1820235745,2458213969
dimwishlist:item=2496875173&perks=1482024992,3142289711,2387244414,4104185692
dimwishlist:item=2496875173&perks=1482024992,3142289711,2387244414,438098033
dimwishlist:item=2496875173&perks=1482024992,3142289711,2387244414,3425386926
dimwishlist:item=2496875173&perks=1482024992,3142289711,2387244414,4049631843
dimwishlist:item=2496875173&perks=1482024992,3142289711,2387244414,3523296417
dimwishlist:item=2496875173&perks=1482024992,3142289711,2387244414,2458213969
dimwishlist:item=2496875173&perks=1482024992,3142289711,3436462433,4104185692
dimwishlist:item=2496875173&perks=1482024992,3142289711,3436462433,438098033
dimwishlist:item=2496875173&perks=1482024992,3142289711,3436462433,3425386926
dimwishlist:item=2496875173&perks=1482024992,3142289711,3436462433,4049631843
dimwishlist:item=2496875173&perks=1482024992,3142289711,3436462433,3523296417
dimwishlist:item=2496875173&perks=1482024992,3142289711,3436462433,2458213969
dimwishlist:item=2496875173&perks=1482024992,3142289711,2946784966,4104185692
dimwishlist:item=2496875173&perks=1482024992,3142289711,2946784966,438098033
dimwishlist:item=2496875173&perks=1482024992,3142289711,2946784966,3425386926
dimwishlist:item=2496875173&perks=1482024992,3142289711,2946784966,4049631843
dimwishlist:item=2496875173&perks=1482024992,3142289711,2946784966,3523296417
dimwishlist:item=2496875173&perks=1482024992,3142289711,2946784966,2458213969
dimwishlist:item=2496875173&perks=1482024992,1087426260,1820235745,4104185692
dimwishlist:item=2496875173&perks=1482024992,1087426260,1820235745,438098033
dimwishlist:item=2496875173&perks=1482024992,1087426260,1820235745,3425386926
dimwishlist:item=2496875173&perks=1482024992,1087426260,1820235745,4049631843
dimwishlist:item=2496875173&perks=1482024992,1087426260,1820235745,3523296417
dimwishlist:item=2496875173&perks=1482024992,1087426260,1820235745,2458213969
dimwishlist:item=2496875173&perks=1482024992,1087426260,2387244414,4104185692
dimwishlist:item=2496875173&perks=1482024992,1087426260,2387244414,438098033
dimwishlist:item=2496875173&perks=1482024992,1087426260,2387244414,3425386926
dimwishlist:item=2496875173&perks=1482024992,1087426260,2387244414,4049631843
dimwishlist:item=2496875173&perks=1482024992,1087426260,2387244414,3523296417
dimwishlist:item=2496875173&perks=1482024992,1087426260,2387244414,2458213969
dimwishlist:item=2496875173&perks=1482024992,1087426260,3436462433,4104185692
dimwishlist:item=2496875173&perks=1482024992,1087426260,3436462433,438098033
dimwishlist:item=2496875173&perks=1482024992,1087426260,3436462433,3425386926
dimwishlist:item=2496875173&perks=1482024992,1087426260,3436462433,4049631843
dimwishlist:item=2496875173&perks=1482024992,1087426260,3436462433,3523296417
dimwishlist:item=2496875173&perks=1482024992,1087426260,3436462433,2458213969
dimwishlist:item=2496875173&perks=1482024992,1087426260,2946784966,4104185692
dimwishlist:item=2496875173&perks=1482024992,1087426260,2946784966,438098033
dimwishlist:item=2496875173&perks=1482024992,1087426260,2946784966,3425386926
dimwishlist:item=2496875173&perks=1482024992,1087426260,2946784966,4049631843
dimwishlist:item=2496875173&perks=1482024992,1087426260,2946784966,3523296417
dimwishlist:item=2496875173&perks=1482024992,1087426260,2946784966,2458213969
dimwishlist:item=2496875173&perks=1482024992,106909392,1820235745,4104185692
dimwishlist:item=2496875173&perks=1482024992,106909392,1820235745,438098033
dimwishlist:item=2496875173&perks=1482024992,106909392,1820235745,3425386926
dimwishlist:item=2496875173&perks=1482024992,106909392,1820235745,4049631843
dimwishlist:item=2496875173&perks=1482024992,106909392,1820235745,3523296417
dimwishlist:item=2496875173&perks=1482024992,106909392,1820235745,2458213969
dimwishlist:item=2496875173&perks=1482024992,106909392,2387244414,4104185692
dimwishlist:item=2496875173&perks=1482024992,106909392,2387244414,438098033
dimwishlist:item=2496875173&perks=1482024992,106909392,2387244414,3425386926
dimwishlist:item=2496875173&perks=1482024992,106909392,2387244414,4049631843
dimwishlist:item=2496875173&perks=1482024992,106909392,2387244414,3523296417
dimwishlist:item=2496875173&perks=1482024992,106909392,2387244414,2458213969
dimwishlist:item=2496875173&perks=1482024992,106909392,3436462433,4104185692
dimwishlist:item=2496875173&perks=1482024992,106909392,3436462433,438098033
dimwishlist:item=2496875173&perks=1482024992,106909392,3436462433,3425386926
dimwishlist:item=2496875173&perks=1482024992,106909392,3436462433,4049631843
dimwishlist:item=2496875173&perks=1482024992,106909392,3436462433,3523296417
dimwishlist:item=2496875173&perks=1482024992,106909392,3436462433,2458213969
dimwishlist:item=2496875173&perks=1482024992,106909392,2946784966,4104185692
dimwishlist:item=2496875173&perks=1482024992,106909392,2946784966,438098033
dimwishlist:item=2496875173&perks=1482024992,106909392,2946784966,3425386926
dimwishlist:item=2496875173&perks=1482024992,106909392,2946784966,4049631843
dimwishlist:item=2496875173&perks=1482024992,106909392,2946784966,3523296417
dimwishlist:item=2496875173&perks=1482024992,106909392,2946784966,2458213969
dimwishlist:item=2496875173&perks=3250034553,3142289711,1820235745,4104185692
dimwishlist:item=2496875173&perks=3250034553,3142289711,1820235745,438098033
dimwishlist:item=2496875173&perks=3250034553,3142289711,1820235745,3425386926
dimwishlist:item=2496875173&perks=3250034553,3142289711,1820235745,4049631843
dimwishlist:item=2496875173&perks=3250034553,3142289711,1820235745,3523296417
dimwishlist:item=2496875173&perks=3250034553,3142289711,1820235745,2458213969
dimwishlist:item=2496875173&perks=3250034553,3142289711,2387244414,4104185692
dimwishlist:item=2496875173&perks=3250034553,3142289711,2387244414,438098033
dimwishlist:item=2496875173&perks=3250034553,3142289711,2387244414,3425386926
dimwishlist:item=2496875173&perks=3250034553,3142289711,2387244414,4049631843
dimwishlist:item=2496875173&perks=3250034553,3142289711,2387244414,3523296417
dimwishlist:item=2496875173&perks=3250034553,3142289711,2387244414,2458213969
dimwishlist:item=2496875173&perks=3250034553,3142289711,3436462433,4104185692
dimwishlist:item=2496875173&perks=3250034553,3142289711,3436462433,438098033
dimwishlist:item=2496875173&perks=3250034553,3142289711,3436462433,3425386926
dimwishlist:item=2496875173&perks=3250034553,3142289711,3436462433,4049631843
dimwishlist:item=2496875173&perks=3250034553,3142289711,3436462433,3523296417
dimwishlist:item=2496875173&perks=3250034553,3142289711,3436462433,2458213969
dimwishlist:item=2496875173&perks=3250034553,3142289711,2946784966,4104185692
dimwishlist:item=2496875173&perks=3250034553,3142289711,2946784966,438098033
dimwishlist:item=2496875173&perks=3250034553,3142289711,2946784966,3425386926
dimwishlist:item=2496875173&perks=3250034553,3142289711,2946784966,4049631843
dimwishlist:item=2496875173&perks=3250034553,3142289711,2946784966,3523296417
dimwishlist:item=2496875173&perks=3250034553,3142289711,2946784966,2458213969
dimwishlist:item=2496875173&perks=3250034553,1087426260,1820235745,4104185692
dimwishlist:item=2496875173&perks=3250034553,1087426260,1820235745,438098033
dimwishlist:item=2496875173&perks=3250034553,1087426260,1820235745,3425386926
dimwishlist:item=2496875173&perks=3250034553,1087426260,1820235745,4049631843
dimwishlist:item=2496875173&perks=3250034553,1087426260,1820235745,3523296417
dimwishlist:item=2496875173&perks=3250034553,1087426260,1820235745,2458213969
dimwishlist:item=2496875173&perks=3250034553,1087426260,2387244414,4104185692
dimwishlist:item=2496875173&perks=3250034553,1087426260,2387244414,438098033
dimwishlist:item=2496875173&perks=3250034553,1087426260,2387244414,3425386926
dimwishlist:item=2496875173&perks=3250034553,1087426260,2387244414,4049631843
dimwishlist:item=2496875173&perks=3250034553,1087426260,2387244414,3523296417
dimwishlist:item=2496875173&perks=3250034553,1087426260,2387244414,2458213969
dimwishlist:item=2496875173&perks=3250034553,1087426260,3436462433,4104185692
dimwishlist:item=2496875173&perks=3250034553,1087426260,3436462433,438098033
dimwishlist:item=2496875173&perks=3250034553,1087426260,3436462433,3425386926
dimwishlist:item=2496875173&perks=3250034553,1087426260,3436462433,4049631843
dimwishlist:item=2496875173&perks=3250034553,1087426260,3436462433,3523296417
dimwishlist:item=2496875173&perks=3250034553,1087426260,3436462433,2458213969
dimwishlist:item=2496875173&perks=3250034553,1087426260,2946784966,4104185692
dimwishlist:item=2496875173&perks=3250034553,1087426260,2946784966,438098033
dimwishlist:item=2496875173&perks=3250034553,1087426260,2946784966,3425386926
dimwishlist:item=2496875173&perks=3250034553,1087426260,2946784966,4049631843
dimwishlist:item=2496875173&perks=3250034553,1087426260,2946784966,3523296417
dimwishlist:item=2496875173&perks=3250034553,1087426260,2946784966,2458213969
dimwishlist:item=2496875173&perks=3250034553,106909392,1820235745,4104185692
dimwishlist:item=2496875173&perks=3250034553,106909392,1820235745,438098033
dimwishlist:item=2496875173&perks=3250034553,106909392,1820235745,3425386926
dimwishlist:item=2496875173&perks=3250034553,106909392,1820235745,4049631843
dimwishlist:item=2496875173&perks=3250034553,106909392,1820235745,3523296417
dimwishlist:item=2496875173&perks=3250034553,106909392,1820235745,2458213969
dimwishlist:item=2496875173&perks=3250034553,106909392,2387244414,4104185692
dimwishlist:item=2496875173&perks=3250034553,106909392,2387244414,438098033
dimwishlist:item=2496875173&perks=3250034553,106909392,2387244414,3425386926
dimwishlist:item=2496875173&perks=3250034553,106909392,2387244414,4049631843
dimwishlist:item=2496875173&perks=3250034553,106909392,2387244414,3523296417
dimwishlist:item=2496875173&perks=3250034553,106909392,2387244414,2458213969
dimwishlist:item=2496875173&perks=3250034553,106909392,3436462433,4104185692
dimwishlist:item=2496875173&perks=3250034553,106909392,3436462433,438098033
dimwishlist:item=2496875173&perks=3250034553,106909392,3436462433,3425386926
dimwishlist:item=2496875173&perks=3250034553,106909392,3436462433,4049631843
dimwishlist:item=2496875173&perks=3250034553,106909392,3436462433,3523296417
dimwishlist:item=2496875173&perks=3250034553,106909392,3436462433,2458213969
dimwishlist:item=2496875173&perks=3250034553,106909392,2946784966,4104185692
dimwishlist:item=2496875173&perks=3250034553,106909392,2946784966,438098033
dimwishlist:item=2496875173&perks=3250034553,106909392,2946784966,3425386926
dimwishlist:item=2496875173&perks=3250034553,106909392,2946784966,4049631843
dimwishlist:item=2496875173&perks=3250034553,106909392,2946784966,3523296417
dimwishlist:item=2496875173&perks=3250034553,106909392,2946784966,2458213969
dimwishlist:item=2496875173&perks=1467527085,3142289711,1820235745,4104185692
dimwishlist:item=2496875173&perks=1467527085,3142289711,1820235745,438098033
dimwishlist:item=2496875173&perks=1467527085,3142289711,1820235745,3425386926
dimwishlist:item=2496875173&perks=1467527085,3142289711,1820235745,4049631843
dimwishlist:item=2496875173&perks=1467527085,3142289711,1820235745,3523296417
dimwishlist:item=2496875173&perks=1467527085,3142289711,1820235745,2458213969
dimwishlist:item=2496875173&perks=1467527085,3142289711,2387244414,4104185692
dimwishlist:item=2496875173&perks=1467527085,3142289711,2387244414,438098033
dimwishlist:item=2496875173&perks=1467527085,3142289711,2387244414,3425386926
dimwishlist:item=2496875173&perks=1467527085,3142289711,2387244414,4049631843
dimwishlist:item=2496875173&perks=1467527085,3142289711,2387244414,3523296417
dimwishlist:item=2496875173&perks=1467527085,3142289711,2387244414,2458213969
dimwishlist:item=2496875173&perks=1467527085,3142289711,3436462433,4104185692
dimwishlist:item=2496875173&perks=1467527085,3142289711,3436462433,438098033
dimwishlist:item=2496875173&perks=1467527085,3142289711,3436462433,3425386926
dimwishlist:item=2496875173&perks=1467527085,3142289711,3436462433,4049631843
dimwishlist:item=2496875173&perks=1467527085,3142289711,3436462433,3523296417
dimwishlist:item=2496875173&perks=1467527085,3142289711,3436462433,2458213969
dimwishlist:item=2496875173&perks=1467527085,3142289711,2946784966,4104185692
dimwishlist:item=2496875173&perks=1467527085,3142289711,2946784966,438098033
dimwishlist:item=2496875173&perks=1467527085,3142289711,2946784966,3425386926
dimwishlist:item=2496875173&perks=1467527085,3142289711,2946784966,4049631843
dimwishlist:item=2496875173&perks=1467527085,3142289711,2946784966,3523296417
dimwishlist:item=2496875173&perks=1467527085,3142289711,2946784966,2458213969
dimwishlist:item=2496875173&perks=1467527085,1087426260,1820235745,4104185692
dimwishlist:item=2496875173&perks=1467527085,1087426260,1820235745,438098033
dimwishlist:item=2496875173&perks=1467527085,1087426260,1820235745,3425386926
dimwishlist:item=2496875173&perks=1467527085,1087426260,1820235745,4049631843
dimwishlist:item=2496875173&perks=1467527085,1087426260,1820235745,3523296417
dimwishlist:item=2496875173&perks=1467527085,1087426260,1820235745,2458213969
dimwishlist:item=2496875173&perks=1467527085,1087426260,2387244414,4104185692
dimwishlist:item=2496875173&perks=1467527085,1087426260,2387244414,438098033
dimwishlist:item=2496875173&perks=1467527085,1087426260,2387244414,3425386926
dimwishlist:item=2496875173&perks=1467527085,1087426260,2387244414,4049631843
dimwishlist:item=2496875173&perks=1467527085,1087426260,2387244414,3523296417
dimwishlist:item=2496875173&perks=1467527085,1087426260,2387244414,2458213969
dimwishlist:item=2496875173&perks=1467527085,1087426260,3436462433,4104185692
dimwishlist:item=2496875173&perks=1467527085,1087426260,3436462433,438098033
dimwishlist:item=2496875173&perks=1467527085,1087426260,3436462433,3425386926
dimwishlist:item=2496875173&perks=1467527085,1087426260,3436462433,4049631843
dimwishlist:item=2496875173&perks=1467527085,1087426260,3436462433,3523296417
dimwishlist:item=2496875173&perks=1467527085,1087426260,3436462433,2458213969
dimwishlist:item=2496875173&perks=1467527085,1087426260,2946784966,4104185692
dimwishlist:item=2496875173&perks=1467527085,1087426260,2946784966,438098033
dimwishlist:item=2496875173&perks=1467527085,1087426260,2946784966,3425386926
dimwishlist:item=2496875173&perks=1467527085,1087426260,2946784966,4049631843
dimwishlist:item=2496875173&perks=1467527085,1087426260,2946784966,3523296417
dimwishlist:item=2496875173&perks=1467527085,1087426260,2946784966,2458213969
dimwishlist:item=2496875173&perks=1467527085,106909392,1820235745,4104185692
dimwishlist:item=2496875173&perks=1467527085,106909392,1820235745,438098033
dimwishlist:item=2496875173&perks=1467527085,106909392,1820235745,3425386926
dimwishlist:item=2496875173&perks=1467527085,106909392,1820235745,4049631843
dimwishlist:item=2496875173&perks=1467527085,106909392,1820235745,3523296417
dimwishlist:item=2496875173&perks=1467527085,106909392,1820235745,2458213969
dimwishlist:item=2496875173&perks=1467527085,106909392,2387244414,4104185692
dimwishlist:item=2496875173&perks=1467527085,106909392,2387244414,438098033
dimwishlist:item=2496875173&perks=1467527085,106909392,2387244414,3425386926
dimwishlist:item=2496875173&perks=1467527085,106909392,2387244414,4049631843
dimwishlist:item=2496875173&perks=1467527085,106909392,2387244414,3523296417
dimwishlist:item=2496875173&perks=1467527085,106909392,2387244414,2458213969
dimwishlist:item=2496875173&perks=1467527085,106909392,3436462433,4104185692
dimwishlist:item=2496875173&perks=1467527085,106909392,3436462433,438098033
dimwishlist:item=2496875173&perks=1467527085,106909392,3436462433,3425386926
dimwishlist:item=2496875173&perks=1467527085,106909392,3436462433,4049631843
dimwishlist:item=2496875173&perks=1467527085,106909392,3436462433,3523296417
dimwishlist:item=2496875173&perks=1467527085,106909392,3436462433,2458213969
dimwishlist:item=2496875173&perks=1467527085,106909392,2946784966,4104185692
dimwishlist:item=2496875173&perks=1467527085,106909392,2946784966,438098033
dimwishlist:item=2496875173&perks=1467527085,106909392,2946784966,3425386926
dimwishlist:item=2496875173&perks=1467527085,106909392,2946784966,4049631843
dimwishlist:item=2496875173&perks=1467527085,106909392,2946784966,3523296417
dimwishlist:item=2496875173&perks=1467527085,106909392,2946784966,2458213969
dimwishlist:item=2496875173&perks=4090651448,3142289711,1820235745,4104185692
dimwishlist:item=2496875173&perks=4090651448,3142289711,1820235745,438098033
dimwishlist:item=2496875173&perks=4090651448,3142289711,1820235745,3425386926
dimwishlist:item=2496875173&perks=4090651448,3142289711,1820235745,4049631843
dimwishlist:item=2496875173&perks=4090651448,3142289711,1820235745,3523296417
dimwishlist:item=2496875173&perks=4090651448,3142289711,1820235745,2458213969
dimwishlist:item=2496875173&perks=4090651448,3142289711,2387244414,4104185692
dimwishlist:item=2496875173&perks=4090651448,3142289711,2387244414,438098033
dimwishlist:item=2496875173&perks=4090651448,3142289711,2387244414,3425386926
dimwishlist:item=2496875173&perks=4090651448,3142289711,2387244414,4049631843
dimwishlist:item=2496875173&perks=4090651448,3142289711,2387244414,3523296417
dimwishlist:item=2496875173&perks=4090651448,3142289711,2387244414,2458213969
dimwishlist:item=2496875173&perks=4090651448,3142289711,3436462433,4104185692
dimwishlist:item=2496875173&perks=4090651448,3142289711,3436462433,438098033
dimwishlist:item=2496875173&perks=4090651448,3142289711,3436462433,3425386926
dimwishlist:item=2496875173&perks=4090651448,3142289711,3436462433,4049631843
dimwishlist:item=2496875173&perks=4090651448,3142289711,3436462433,3523296417
dimwishlist:item=2496875173&perks=4090651448,3142289711,3436462433,2458213969
dimwishlist:item=2496875173&perks=4090651448,3142289711,2946784966,4104185692
dimwishlist:item=2496875173&perks=4090651448,3142289711,2946784966,438098033
dimwishlist:item=2496875173&perks=4090651448,3142289711,2946784966,3425386926
dimwishlist:item=2496875173&perks=4090651448,3142289711,2946784966,4049631843
dimwishlist:item=2496875173&perks=4090651448,3142289711,2946784966,3523296417
dimwishlist:item=2496875173&perks=4090651448,3142289711,2946784966,2458213969
dimwishlist:item=2496875173&perks=4090651448,1087426260,1820235745,4104185692
dimwishlist:item=2496875173&perks=4090651448,1087426260,1820235745,438098033
dimwishlist:item=2496875173&perks=4090651448,1087426260,1820235745,3425386926
dimwishlist:item=2496875173&perks=4090651448,1087426260,1820235745,4049631843
dimwishlist:item=2496875173&perks=4090651448,1087426260,1820235745,3523296417
dimwishlist:item=2496875173&perks=4090651448,1087426260,1820235745,2458213969
dimwishlist:item=2496875173&perks=4090651448,1087426260,2387244414,4104185692
dimwishlist:item=2496875173&perks=4090651448,1087426260,2387244414,438098033
dimwishlist:item=2496875173&perks=4090651448,1087426260,2387244414,3425386926
dimwishlist:item=2496875173&perks=4090651448,1087426260,2387244414,4049631843
dimwishlist:item=2496875173&perks=4090651448,1087426260,2387244414,3523296417
dimwishlist:item=2496875173&perks=4090651448,1087426260,2387244414,2458213969
dimwishlist:item=2496875173&perks=4090651448,1087426260,3436462433,4104185692
dimwishlist:item=2496875173&perks=4090651448,1087426260,3436462433,438098033
dimwishlist:item=2496875173&perks=4090651448,1087426260,3436462433,3425386926
dimwishlist:item=2496875173&perks=4090651448,1087426260,3436462433,4049631843
dimwishlist:item=2496875173&perks=4090651448,1087426260,3436462433,3523296417
dimwishlist:item=2496875173&perks=4090651448,1087426260,3436462433,2458213969
dimwishlist:item=2496875173&perks=4090651448,1087426260,2946784966,4104185692
dimwishlist:item=2496875173&perks=4090651448,1087426260,2946784966,438098033
dimwishlist:item=2496875173&perks=4090651448,1087426260,2946784966,3425386926
dimwishlist:item=2496875173&perks=4090651448,1087426260,2946784966,4049631843
dimwishlist:item=2496875173&perks=4090651448,1087426260,2946784966,3523296417
dimwishlist:item=2496875173&perks=4090651448,1087426260,2946784966,2458213969
dimwishlist:item=2496875173&perks=4090651448,106909392,1820235745,4104185692
dimwishlist:item=2496875173&perks=4090651448,106909392,1820235745,438098033
dimwishlist:item=2496875173&perks=4090651448,106909392,1820235745,3425386926
dimwishlist:item=2496875173&perks=4090651448,106909392,1820235745,4049631843
dimwishlist:item=2496875173&perks=4090651448,106909392,1820235745,3523296417
dimwishlist:item=2496875173&perks=4090651448,106909392,1820235745,2458213969
dimwishlist:item=2496875173&perks=4090651448,106909392,2387244414,4104185692
dimwishlist:item=2496875173&perks=4090651448,106909392,2387244414,438098033
dimwishlist:item=2496875173&perks=4090651448,106909392,2387244414,3425386926
dimwishlist:item=2496875173&perks=4090651448,106909392,2387244414,4049631843
dimwishlist:item=2496875173&perks=4090651448,106909392,2387244414,3523296417
dimwishlist:item=2496875173&perks=4090651448,106909392,2387244414,2458213969
dimwishlist:item=2496875173&perks=4090651448,106909392,3436462433,4104185692
dimwishlist:item=2496875173&perks=4090651448,106909392,3436462433,438098033
dimwishlist:item=2496875173&perks=4090651448,106909392,3436462433,3425386926
dimwishlist:item=2496875173&perks=4090651448,106909392,3436462433,4049631843
dimwishlist:item=2496875173&perks=4090651448,106909392,3436462433,3523296417
dimwishlist:item=2496875173&perks=4090651448,106909392,3436462433,2458213969
dimwishlist:item=2496875173&perks=4090651448,106909392,2946784966,4104185692
dimwishlist:item=2496875173&perks=4090651448,106909392,2946784966,438098033
dimwishlist:item=2496875173&perks=4090651448,106909392,2946784966,3425386926
dimwishlist:item=2496875173&perks=4090651448,106909392,2946784966,4049631843
dimwishlist:item=2496875173&perks=4090651448,106909392,2946784966,3523296417
dimwishlist:item=2496875173&perks=4090651448,106909392,2946784966,2458213969


// Spoiler Alert ()
dimwishlist:item=2588048270&perks=445755705,1087426260,2946784966,3523296417
dimwishlist:item=2588048270&perks=445755705,1087426260,2946784966,4104185692
dimwishlist:item=2588048270&perks=445755705,1087426260,2946784966,4082225868
dimwishlist:item=2588048270&perks=445755705,1087426260,3436462433,3523296417
dimwishlist:item=2588048270&perks=445755705,1087426260,3436462433,4104185692
dimwishlist:item=2588048270&perks=445755705,1087426260,3436462433,4082225868
dimwishlist:item=2588048270&perks=445755705,1968497646,2946784966,3523296417
dimwishlist:item=2588048270&perks=445755705,1968497646,2946784966,4104185692
dimwishlist:item=2588048270&perks=445755705,1968497646,2946784966,4082225868
dimwishlist:item=2588048270&perks=445755705,1968497646,3436462433,3523296417
dimwishlist:item=2588048270&perks=445755705,1968497646,3436462433,4104185692
dimwishlist:item=2588048270&perks=445755705,1968497646,3436462433,4082225868
dimwishlist:item=2588048270&perks=445755705,1561002382,2946784966,3523296417
dimwishlist:item=2588048270&perks=445755705,1561002382,2946784966,4104185692
dimwishlist:item=2588048270&perks=445755705,1561002382,2946784966,4082225868
dimwishlist:item=2588048270&perks=445755705,1561002382,3436462433,3523296417
dimwishlist:item=2588048270&perks=445755705,1561002382,3436462433,4104185692
dimwishlist:item=2588048270&perks=445755705,1561002382,3436462433,4082225868
dimwishlist:item=2588048270&perks=445755705,1885400500,2946784966,3523296417
dimwishlist:item=2588048270&perks=445755705,1885400500,2946784966,4104185692
dimwishlist:item=2588048270&perks=445755705,1885400500,2946784966,4082225868
dimwishlist:item=2588048270&perks=445755705,1885400500,3436462433,3523296417
dimwishlist:item=2588048270&perks=445755705,1885400500,3436462433,4104185692
dimwishlist:item=2588048270&perks=445755705,1885400500,3436462433,4082225868
dimwishlist:item=2588048270&perks=445755704,1087426260,2946784966,3523296417
dimwishlist:item=2588048270&perks=445755704,1087426260,2946784966,4104185692
dimwishlist:item=2588048270&perks=445755704,1087426260,2946784966,4082225868
dimwishlist:item=2588048270&perks=445755704,1087426260,3436462433,3523296417
dimwishlist:item=2588048270&perks=445755704,1087426260,3436462433,4104185692
dimwishlist:item=2588048270&perks=445755704,1087426260,3436462433,4082225868
dimwishlist:item=2588048270&perks=445755704,1968497646,2946784966,3523296417
dimwishlist:item=2588048270&perks=445755704,1968497646,2946784966,4104185692
dimwishlist:item=2588048270&perks=445755704,1968497646,2946784966,4082225868
dimwishlist:item=2588048270&perks=445755704,1968497646,3436462433,3523296417
dimwishlist:item=2588048270&perks=445755704,1968497646,3436462433,4104185692
dimwishlist:item=2588048270&perks=445755704,1968497646,3436462433,4082225868
dimwishlist:item=2588048270&perks=445755704,1561002382,2946784966,3523296417
dimwishlist:item=2588048270&perks=445755704,1561002382,2946784966,4104185692
dimwishlist:item=2588048270&perks=445755704,1561002382,2946784966,4082225868
dimwishlist:item=2588048270&perks=445755704,1561002382,3436462433,3523296417
dimwishlist:item=2588048270&perks=445755704,1561002382,3436462433,4104185692
dimwishlist:item=2588048270&perks=445755704,1561002382,3436462433,4082225868
dimwishlist:item=2588048270&perks=445755704,1885400500,2946784966,3523296417
dimwishlist:item=2588048270&perks=445755704,1885400500,2946784966,4104185692
dimwishlist:item=2588048270&perks=445755704,1885400500,2946784966,4082225868
dimwishlist:item=2588048270&perks=445755704,1885400500,3436462433,3523296417
dimwishlist:item=2588048270&perks=445755704,1885400500,3436462433,4104185692
dimwishlist:item=2588048270&perks=445755704,1885400500,3436462433,4082225868


// Iota Draconis (pve)
dimwishlist:item=3044460004&perks=1482024992,2680121939,3436462433,4104185692
dimwishlist:item=3044460004&perks=1482024992,2680121939,3436462433,438098033
dimwishlist:item=3044460004&perks=1482024992,2680121939,1556840489,4104185692
dimwishlist:item=3044460004&perks=1482024992,2680121939,1556840489,438098033
dimwishlist:item=3044460004&perks=1482024992,2680121939,2779035018,4104185692
dimwishlist:item=3044460004&perks=1482024992,2680121939,2779035018,438098033
dimwishlist:item=3044460004&perks=1482024992,2969185026,3436462433,4104185692
dimwishlist:item=3044460004&perks=1482024992,2969185026,3436462433,438098033
dimwishlist:item=3044460004&perks=1482024992,2969185026,1556840489,4104185692
dimwishlist:item=3044460004&perks=1482024992,2969185026,1556840489,438098033
dimwishlist:item=3044460004&perks=1482024992,2969185026,2779035018,4104185692
dimwishlist:item=3044460004&perks=1482024992,2969185026,2779035018,438098033
dimwishlist:item=3044460004&perks=1482024992,689005463,3436462433,4104185692
dimwishlist:item=3044460004&perks=1482024992,689005463,3436462433,438098033
dimwishlist:item=3044460004&perks=1482024992,689005463,1556840489,4104185692
dimwishlist:item=3044460004&perks=1482024992,689005463,1556840489,438098033
dimwishlist:item=3044460004&perks=1482024992,689005463,2779035018,4104185692
dimwishlist:item=3044460004&perks=1482024992,689005463,2779035018,438098033
dimwishlist:item=3044460004&perks=3250034553,2680121939,3436462433,4104185692
dimwishlist:item=3044460004&perks=3250034553,2680121939,3436462433,438098033
dimwishlist:item=3044460004&perks=3250034553,2680121939,1556840489,4104185692
dimwishlist:item=3044460004&perks=3250034553,2680121939,1556840489,438098033
dimwishlist:item=3044460004&perks=3250034553,2680121939,2779035018,4104185692
dimwishlist:item=3044460004&perks=3250034553,2680121939,2779035018,438098033
dimwishlist:item=3044460004&perks=3250034553,2969185026,3436462433,4104185692
dimwishlist:item=3044460004&perks=3250034553,2969185026,3436462433,438098033
dimwishlist:item=3044460004&perks=3250034553,2969185026,1556840489,4104185692
dimwishlist:item=3044460004&perks=3250034553,2969185026,1556840489,438098033
dimwishlist:item=3044460004&perks=3250034553,2969185026,2779035018,4104185692
dimwishlist:item=3044460004&perks=3250034553,2969185026,2779035018,438098033
dimwishlist:item=3044460004&perks=3250034553,689005463,3436462433,4104185692
dimwishlist:item=3044460004&perks=3250034553,689005463,3436462433,438098033
dimwishlist:item=3044460004&perks=3250034553,689005463,1556840489,4104185692
dimwishlist:item=3044460004&perks=3250034553,689005463,1556840489,438098033
dimwishlist:item=3044460004&perks=3250034553,689005463,2779035018,4104185692
dimwishlist:item=3044460004&perks=3250034553,689005463,2779035018,438098033
dimwishlist:item=3044460004&perks=4090651448,2680121939,3436462433,4104185692
dimwishlist:item=3044460004&perks=4090651448,2680121939,3436462433,438098033
dimwishlist:item=3044460004&perks=4090651448,2680121939,1556840489,4104185692
dimwishlist:item=3044460004&perks=4090651448,2680121939,1556840489,438098033
dimwishlist:item=3044460004&perks=4090651448,2680121939,2779035018,4104185692
dimwishlist:item=3044460004&perks=4090651448,2680121939,2779035018,438098033
dimwishlist:item=3044460004&perks=4090651448,2969185026,3436462433,4104185692
dimwishlist:item=3044460004&perks=4090651448,2969185026,3436462433,438098033
dimwishlist:item=3044460004&perks=4090651448,2969185026,1556840489,4104185692
dimwishlist:item=3044460004&perks=4090651448,2969185026,1556840489,438098033
dimwishlist:item=3044460004&perks=4090651448,2969185026,2779035018,4104185692
dimwishlist:item=3044460004&perks=4090651448,2969185026,2779035018,438098033
dimwishlist:item=3044460004&perks=4090651448,689005463,3436462433,4104185692
dimwishlist:item=3044460004&perks=4090651448,689005463,3436462433,438098033
dimwishlist:item=3044460004&perks=4090651448,689005463,1556840489,4104185692
dimwishlist:item=3044460004&perks=4090651448,689005463,1556840489,438098033
dimwishlist:item=3044460004&perks=4090651448,689005463,2779035018,4104185692
dimwishlist:item=3044460004&perks=4090651448,689005463,2779035018,438098033
dimwishlist:item=3044460004&perks=1840239774,2680121939,3436462433,4104185692
dimwishlist:item=3044460004&perks=1840239774,2680121939,3436462433,438098033
dimwishlist:item=3044460004&perks=1840239774,2680121939,1556840489,4104185692
dimwishlist:item=3044460004&perks=1840239774,2680121939,1556840489,438098033
dimwishlist:item=3044460004&perks=1840239774,2680121939,2779035018,4104185692
dimwishlist:item=3044460004&perks=1840239774,2680121939,2779035018,438098033
dimwishlist:item=3044460004&perks=1840239774,2969185026,3436462433,4104185692
dimwishlist:item=3044460004&perks=1840239774,2969185026,3436462433,438098033
dimwishlist:item=3044460004&perks=1840239774,2969185026,1556840489,4104185692
dimwishlist:item=3044460004&perks=1840239774,2969185026,1556840489,438098033
dimwishlist:item=3044460004&perks=1840239774,2969185026,2779035018,4104185692
dimwishlist:item=3044460004&perks=1840239774,2969185026,2779035018,438098033
dimwishlist:item=3044460004&perks=1840239774,689005463,3436462433,4104185692
dimwishlist:item=3044460004&perks=1840239774,689005463,3436462433,438098033
dimwishlist:item=3044460004&perks=1840239774,689005463,1556840489,4104185692
dimwishlist:item=3044460004&perks=1840239774,689005463,1556840489,438098033
dimwishlist:item=3044460004&perks=1840239774,689005463,2779035018,4104185692
dimwishlist:item=3044460004&perks=1840239774,689005463,2779035018,438098033


// Threaded Needle (pve)
dimwishlist:item=3075224551&perks=1482024992,1687452232,2284787283,1546637391
dimwishlist:item=3075224551&perks=1482024992,1687452232,2284787283,4104185692
dimwishlist:item=3075224551&perks=1482024992,1687452232,3300816228,1546637391
dimwishlist:item=3075224551&perks=1482024992,1687452232,3300816228,4104185692
dimwishlist:item=3075224551&perks=1482024992,2680121939,2284787283,1546637391
dimwishlist:item=3075224551&perks=1482024992,2680121939,2284787283,4104185692
dimwishlist:item=3075224551&perks=1482024992,2680121939,3300816228,1546637391
dimwishlist:item=3075224551&perks=1482024992,2680121939,3300816228,4104185692
dimwishlist:item=3075224551&perks=1482024992,1483536627,2284787283,1546637391
dimwishlist:item=3075224551&perks=1482024992,1483536627,2284787283,4104185692
dimwishlist:item=3075224551&perks=1482024992,1483536627,3300816228,1546637391
dimwishlist:item=3075224551&perks=1482024992,1483536627,3300816228,4104185692
dimwishlist:item=3075224551&perks=3250034553,1687452232,2284787283,1546637391
dimwishlist:item=3075224551&perks=3250034553,1687452232,2284787283,4104185692
dimwishlist:item=3075224551&perks=3250034553,1687452232,3300816228,1546637391
dimwishlist:item=3075224551&perks=3250034553,1687452232,3300816228,4104185692
dimwishlist:item=3075224551&perks=3250034553,2680121939,2284787283,1546637391
dimwishlist:item=3075224551&perks=3250034553,2680121939,2284787283,4104185692
dimwishlist:item=3075224551&perks=3250034553,2680121939,3300816228,1546637391
dimwishlist:item=3075224551&perks=3250034553,2680121939,3300816228,4104185692
dimwishlist:item=3075224551&perks=3250034553,1483536627,2284787283,1546637391
dimwishlist:item=3075224551&perks=3250034553,1483536627,2284787283,4104185692
dimwishlist:item=3075224551&perks=3250034553,1483536627,3300816228,1546637391
dimwishlist:item=3075224551&perks=3250034553,1483536627,3300816228,4104185692
dimwishlist:item=3075224551&perks=4090651448,1687452232,2284787283,1546637391
dimwishlist:item=3075224551&perks=4090651448,1687452232,2284787283,4104185692
dimwishlist:item=3075224551&perks=4090651448,1687452232,3300816228,1546637391
dimwishlist:item=3075224551&perks=4090651448,1687452232,3300816228,4104185692
dimwishlist:item=3075224551&perks=4090651448,2680121939,2284787283,1546637391
dimwishlist:item=3075224551&perks=4090651448,2680121939,2284787283,4104185692
dimwishlist:item=3075224551&perks=4090651448,2680121939,3300816228,1546637391
dimwishlist:item=3075224551&perks=4090651448,2680121939,3300816228,4104185692
dimwishlist:item=3075224551&perks=4090651448,1483536627,2284787283,1546637391
dimwishlist:item=3075224551&perks=4090651448,1483536627,2284787283,4104185692
dimwishlist:item=3075224551&perks=4090651448,1483536627,3300816228,1546637391
dimwishlist:item=3075224551&perks=4090651448,1483536627,3300816228,4104185692


// Fractethyst (god-pve,pve)
dimwishlist:item=3184681056&perks=1482024992,1087426260,1556840489,438098033
dimwishlist:item=3184681056&perks=1482024992,3142289711,1556840489,438098033
dimwishlist:item=3184681056&perks=1482024992,106909392,1556840489,438098033
dimwishlist:item=3184681056&perks=4090651448,1087426260,1556840489,438098033
dimwishlist:item=3184681056&perks=4090651448,3142289711,1556840489,438098033
dimwishlist:item=3184681056&perks=4090651448,106909392,1556840489,438098033


// Legal Action II (pve,god-pve)
dimwishlist:item=3409645497&perks=1482024992,106909392,2779035018,3425386926
dimwishlist:item=3409645497&perks=1482024992,106909392,2779035018,4104185692
dimwishlist:item=3409645497&perks=1482024992,106909392,3436462433,3425386926
dimwishlist:item=3409645497&perks=1482024992,106909392,3436462433,4104185692
dimwishlist:item=3409645497&perks=1482024992,3142289711,2779035018,3425386926
dimwishlist:item=3409645497&perks=1482024992,3142289711,2779035018,4104185692
dimwishlist:item=3409645497&perks=1482024992,3142289711,3436462433,3425386926
dimwishlist:item=3409645497&perks=1482024992,3142289711,3436462433,4104185692
dimwishlist:item=3409645497&perks=4090651448,106909392,2779035018,3425386926
dimwishlist:item=3409645497&perks=4090651448,106909392,2779035018,4104185692
dimwishlist:item=3409645497&perks=4090651448,106909392,3436462433,3425386926
dimwishlist:item=3409645497&perks=4090651448,106909392,3436462433,4104185692
dimwishlist:item=3409645497&perks=4090651448,3142289711,2779035018,3425386926
dimwishlist:item=3409645497&perks=4090651448,3142289711,2779035018,4104185692
dimwishlist:item=3409645497&perks=4090651448,3142289711,3436462433,3425386926
dimwishlist:item=3409645497&perks=4090651448,3142289711,3436462433,4104185692
dimwishlist:item=3409645497&perks=1840239774,106909392,2779035018,3425386926
dimwishlist:item=3409645497&perks=1840239774,106909392,2779035018,4104185692
dimwishlist:item=3409645497&perks=1840239774,106909392,3436462433,3425386926
dimwishlist:item=3409645497&perks=1840239774,106909392,3436462433,4104185692
dimwishlist:item=3409645497&perks=1840239774,3142289711,2779035018,3425386926
dimwishlist:item=3409645497&perks=1840239774,3142289711,2779035018,4104185692
dimwishlist:item=3409645497&perks=1840239774,3142289711,3436462433,3425386926
dimwishlist:item=3409645497&perks=1840239774,3142289711,3436462433,4104185692


// Wolftone Draw (pve)
dimwishlist:item=3472875143&perks=1196733167,3311977193,3700496672,438098033
dimwishlist:item=3472875143&perks=1196733167,3311977193,3700496672,2848615171
dimwishlist:item=3472875143&perks=1196733167,3311977193,3700496672,3523296417
dimwishlist:item=3472875143&perks=1196733167,3311977193,3700496672,4104185692
dimwishlist:item=3472875143&perks=1196733167,3311977193,201365942,438098033
dimwishlist:item=3472875143&perks=1196733167,3311977193,201365942,2848615171
dimwishlist:item=3472875143&perks=1196733167,3311977193,201365942,3523296417
dimwishlist:item=3472875143&perks=1196733167,3311977193,201365942,4104185692
dimwishlist:item=3472875143&perks=1196733167,3311977193,951095735,438098033
dimwishlist:item=3472875143&perks=1196733167,3311977193,951095735,2848615171
dimwishlist:item=3472875143&perks=1196733167,3311977193,951095735,3523296417
dimwishlist:item=3472875143&perks=1196733167,3311977193,951095735,4104185692
dimwishlist:item=3472875143&perks=1196733167,3827198035,3700496672,438098033
dimwishlist:item=3472875143&perks=1196733167,3827198035,3700496672,2848615171
dimwishlist:item=3472875143&perks=1196733167,3827198035,3700496672,3523296417
dimwishlist:item=3472875143&perks=1196733167,3827198035,3700496672,4104185692
dimwishlist:item=3472875143&perks=1196733167,3827198035,201365942,438098033
dimwishlist:item=3472875143&perks=1196733167,3827198035,201365942,2848615171
dimwishlist:item=3472875143&perks=1196733167,3827198035,201365942,3523296417
dimwishlist:item=3472875143&perks=1196733167,3827198035,201365942,4104185692
dimwishlist:item=3472875143&perks=1196733167,3827198035,951095735,438098033
dimwishlist:item=3472875143&perks=1196733167,3827198035,951095735,2848615171
dimwishlist:item=3472875143&perks=1196733167,3827198035,951095735,3523296417
dimwishlist:item=3472875143&perks=1196733167,3827198035,951095735,4104185692
dimwishlist:item=3472875143&perks=1196733167,2154191829,3700496672,438098033
dimwishlist:item=3472875143&perks=1196733167,2154191829,3700496672,2848615171
dimwishlist:item=3472875143&perks=1196733167,2154191829,3700496672,3523296417
dimwishlist:item=3472875143&perks=1196733167,2154191829,3700496672,4104185692
dimwishlist:item=3472875143&perks=1196733167,2154191829,201365942,438098033
dimwishlist:item=3472875143&perks=1196733167,2154191829,201365942,2848615171
dimwishlist:item=3472875143&perks=1196733167,2154191829,201365942,3523296417
dimwishlist:item=3472875143&perks=1196733167,2154191829,201365942,4104185692
dimwishlist:item=3472875143&perks=1196733167,2154191829,951095735,438098033
dimwishlist:item=3472875143&perks=1196733167,2154191829,951095735,2848615171
dimwishlist:item=3472875143&perks=1196733167,2154191829,951095735,3523296417
dimwishlist:item=3472875143&perks=1196733167,2154191829,951095735,4104185692
dimwishlist:item=3472875143&perks=1784898267,3311977193,3700496672,438098033
dimwishlist:item=3472875143&perks=1784898267,3311977193,3700496672,2848615171
dimwishlist:item=3472875143&perks=1784898267,3311977193,3700496672,3523296417
dimwishlist:item=3472875143&perks=1784898267,3311977193,3700496672,4104185692
dimwishlist:item=3472875143&perks=1784898267,3311977193,201365942,438098033
dimwishlist:item=3472875143&perks=1784898267,3311977193,201365942,2848615171
dimwishlist:item=3472875143&perks=1784898267,3311977193,201365942,3523296417
dimwishlist:item=3472875143&perks=1784898267,3311977193,201365942,4104185692
dimwishlist:item=3472875143&perks=1784898267,3311977193,951095735,438098033
dimwishlist:item=3472875143&perks=1784898267,3311977193,951095735,2848615171
dimwishlist:item=3472875143&perks=1784898267,3311977193,951095735,3523296417
dimwishlist:item=3472875143&perks=1784898267,3311977193,951095735,4104185692
dimwishlist:item=3472875143&perks=1784898267,3827198035,3700496672,438098033
dimwishlist:item=3472875143&perks=1784898267,3827198035,3700496672,2848615171
dimwishlist:item=3472875143&perks=1784898267,3827198035,3700496672,3523296417
dimwishlist:item=3472875143&perks=1784898267,3827198035,3700496672,4104185692
dimwishlist:item=3472875143&perks=1784898267,3827198035,201365942,438098033
dimwishlist:item=3472875143&perks=1784898267,3827198035,201365942,2848615171
dimwishlist:item=3472875143&perks=1784898267,3827198035,201365942,3523296417
dimwishlist:item=3472875143&perks=1784898267,3827198035,201365942,4104185692
dimwishlist:item=3472875143&perks=1784898267,3827198035,951095735,438098033
dimwishlist:item=3472875143&perks=1784898267,3827198035,951095735,2848615171
dimwishlist:item=3472875143&perks=1784898267,3827198035,951095735,3523296417
dimwishlist:item=3472875143&perks=1784898267,3827198035,951095735,4104185692
dimwishlist:item=3472875143&perks=1784898267,2154191829,3700496672,438098033
dimwishlist:item=3472875143&perks=1784898267,2154191829,3700496672,2848615171
dimwishlist:item=3472875143&perks=1784898267,2154191829,3700496672,3523296417
dimwishlist:item=3472875143&perks=1784898267,2154191829,3700496672,4104185692
dimwishlist:item=3472875143&perks=1784898267,2154191829,201365942,438098033
dimwishlist:item=3472875143&perks=1784898267,2154191829,201365942,2848615171
dimwishlist:item=3472875143&perks=1784898267,2154191829,201365942,3523296417
dimwishlist:item=3472875143&perks=1784898267,2154191829,201365942,4104185692
dimwishlist:item=3472875143&perks=1784898267,2154191829,951095735,438098033
dimwishlist:item=3472875143&perks=1784898267,2154191829,951095735,2848615171
dimwishlist:item=3472875143&perks=1784898267,2154191829,951095735,3523296417
dimwishlist:item=3472875143&perks=1784898267,2154191829,951095735,4104185692
dimwishlist:item=3472875143&perks=852209214,3311977193,3700496672,438098033
dimwishlist:item=3472875143&perks=852209214,3311977193,3700496672,2848615171
dimwishlist:item=3472875143&perks=852209214,3311977193,3700496672,3523296417
dimwishlist:item=3472875143&perks=852209214,3311977193,3700496672,4104185692
dimwishlist:item=3472875143&perks=852209214,3311977193,201365942,438098033
dimwishlist:item=3472875143&perks=852209214,3311977193,201365942,2848615171
dimwishlist:item=3472875143&perks=852209214,3311977193,201365942,3523296417
dimwishlist:item=3472875143&perks=852209214,3311977193,201365942,4104185692
dimwishlist:item=3472875143&perks=852209214,3311977193,951095735,438098033
dimwishlist:item=3472875143&perks=852209214,3311977193,951095735,2848615171
dimwishlist:item=3472875143&perks=852209214,3311977193,951095735,3523296417
dimwishlist:item=3472875143&perks=852209214,3311977193,951095735,4104185692
dimwishlist:item=3472875143&perks=852209214,3827198035,3700496672,438098033
dimwishlist:item=3472875143&perks=852209214,3827198035,3700496672,2848615171
dimwishlist:item=3472875143&perks=852209214,3827198035,3700496672,3523296417
dimwishlist:item=3472875143&perks=852209214,3827198035,3700496672,4104185692
dimwishlist:item=3472875143&perks=852209214,3827198035,201365942,438098033
dimwishlist:item=3472875143&perks=852209214,3827198035,201365942,2848615171
dimwishlist:item=3472875143&perks=852209214,3827198035,201365942,3523296417
dimwishlist:item=3472875143&perks=852209214,3827198035,201365942,4104185692
dimwishlist:item=3472875143&perks=852209214,3827198035,951095735,438098033
dimwishlist:item=3472875143&perks=852209214,3827198035,951095735,2848615171
dimwishlist:item=3472875143&perks=852209214,3827198035,951095735,3523296417
dimwishlist:item=3472875143&perks=852209214,3827198035,951095735,4104185692
dimwishlist:item=3472875143&perks=852209214,2154191829,3700496672,438098033
dimwishlist:item=3472875143&perks=852209214,2154191829,3700496672,2848615171
dimwishlist:item=3472875143&perks=852209214,2154191829,3700496672,3523296417
dimwishlist:item=3472875143&perks=852209214,2154191829,3700496672,4104185692
dimwishlist:item=3472875143&perks=852209214,2154191829,201365942,438098033
dimwishlist:item=3472875143&perks=852209214,2154191829,201365942,2848615171
dimwishlist:item=3472875143&perks=852209214,2154191829,201365942,3523296417
dimwishlist:item=3472875143&perks=852209214,2154191829,201365942,4104185692
dimwishlist:item=3472875143&perks=852209214,2154191829,951095735,438098033
dimwishlist:item=3472875143&perks=852209214,2154191829,951095735,2848615171
dimwishlist:item=3472875143&perks=852209214,2154191829,951095735,3523296417
dimwishlist:item=3472875143&perks=852209214,2154191829,951095735,4104185692


// Shepherd's Watch (pve,god-pve)
dimwishlist:item=3743729616&perks=1482024992,3142289711,1556840489,1774574192
dimwishlist:item=3743729616&perks=1482024992,3142289711,1556840489,4104185692
dimwishlist:item=3743729616&perks=1482024992,3142289711,1556840489,3523296417
dimwishlist:item=3743729616&perks=1482024992,3142289711,2946784966,1774574192
dimwishlist:item=3743729616&perks=1482024992,3142289711,2946784966,4104185692
dimwishlist:item=3743729616&perks=1482024992,3142289711,2946784966,3523296417
dimwishlist:item=3743729616&perks=1482024992,106909392,1556840489,1774574192
dimwishlist:item=3743729616&perks=1482024992,106909392,1556840489,4104185692
dimwishlist:item=3743729616&perks=1482024992,106909392,1556840489,3523296417
dimwishlist:item=3743729616&perks=1482024992,106909392,2946784966,1774574192
dimwishlist:item=3743729616&perks=1482024992,106909392,2946784966,4104185692
dimwishlist:item=3743729616&perks=1482024992,106909392,2946784966,3523296417
dimwishlist:item=3743729616&perks=1482024992,1087426260,1556840489,1774574192
dimwishlist:item=3743729616&perks=1482024992,1087426260,1556840489,4104185692
dimwishlist:item=3743729616&perks=1482024992,1087426260,1556840489,3523296417
dimwishlist:item=3743729616&perks=1482024992,1087426260,2946784966,1774574192
dimwishlist:item=3743729616&perks=1482024992,1087426260,2946784966,4104185692
dimwishlist:item=3743729616&perks=1482024992,1087426260,2946784966,3523296417
dimwishlist:item=3743729616&perks=4090651448,3142289711,1556840489,1774574192
dimwishlist:item=3743729616&perks=4090651448,3142289711,1556840489,4104185692
dimwishlist:item=3743729616&perks=4090651448,3142289711,1556840489,3523296417
dimwishlist:item=3743729616&perks=4090651448,3142289711,2946784966,1774574192
dimwishlist:item=3743729616&perks=4090651448,3142289711,2946784966,4104185692
dimwishlist:item=3743729616&perks=4090651448,3142289711,2946784966,3523296417
dimwishlist:item=3743729616&perks=4090651448,106909392,1556840489,1774574192
dimwishlist:item=3743729616&perks=4090651448,106909392,1556840489,4104185692
dimwishlist:item=3743729616&perks=4090651448,106909392,1556840489,3523296417
dimwishlist:item=3743729616&perks=4090651448,106909392,2946784966,1774574192
dimwishlist:item=3743729616&perks=4090651448,106909392,2946784966,4104185692
dimwishlist:item=3743729616&perks=4090651448,106909392,2946784966,3523296417
dimwishlist:item=3743729616&perks=4090651448,1087426260,1556840489,1774574192
dimwishlist:item=3743729616&perks=4090651448,1087426260,1556840489,4104185692
dimwishlist:item=3743729616&perks=4090651448,1087426260,1556840489,3523296417
dimwishlist:item=3743729616&perks=4090651448,1087426260,2946784966,1774574192
dimwishlist:item=3743729616&perks=4090651448,1087426260,2946784966,4104185692
dimwishlist:item=3743729616&perks=4090651448,1087426260,2946784966,3523296417
dimwishlist:item=3743729616&perks=1467527085,3142289711,1556840489,1774574192
dimwishlist:item=3743729616&perks=1467527085,3142289711,1556840489,4104185692
dimwishlist:item=3743729616&perks=1467527085,3142289711,1556840489,3523296417
dimwishlist:item=3743729616&perks=1467527085,3142289711,2946784966,1774574192
dimwishlist:item=3743729616&perks=1467527085,3142289711,2946784966,4104185692
dimwishlist:item=3743729616&perks=1467527085,3142289711,2946784966,3523296417
dimwishlist:item=3743729616&perks=1467527085,106909392,1556840489,1774574192
dimwishlist:item=3743729616&perks=1467527085,106909392,1556840489,4104185692
dimwishlist:item=3743729616&perks=1467527085,106909392,1556840489,3523296417
dimwishlist:item=3743729616&perks=1467527085,106909392,2946784966,1774574192
dimwishlist:item=3743729616&perks=1467527085,106909392,2946784966,4104185692
dimwishlist:item=3743729616&perks=1467527085,106909392,2946784966,3523296417
dimwishlist:item=3743729616&perks=1467527085,1087426260,1556840489,1774574192
dimwishlist:item=3743729616&perks=1467527085,1087426260,1556840489,4104185692
dimwishlist:item=3743729616&perks=1467527085,1087426260,1556840489,3523296417
dimwishlist:item=3743729616&perks=1467527085,1087426260,2946784966,1774574192
dimwishlist:item=3743729616&perks=1467527085,1087426260,2946784966,4104185692
dimwishlist:item=3743729616&perks=1467527085,1087426260,2946784966,3523296417
dimwishlist:item=3743729616&perks=202670084,3142289711,1556840489,1774574192
dimwishlist:item=3743729616&perks=202670084,3142289711,1556840489,4104185692
dimwishlist:item=3743729616&perks=202670084,3142289711,1556840489,3523296417
dimwishlist:item=3743729616&perks=202670084,3142289711,2946784966,1774574192
dimwishlist:item=3743729616&perks=202670084,3142289711,2946784966,4104185692
dimwishlist:item=3743729616&perks=202670084,3142289711,2946784966,3523296417
dimwishlist:item=3743729616&perks=202670084,106909392,1556840489,1774574192
dimwishlist:item=3743729616&perks=202670084,106909392,1556840489,4104185692
dimwishlist:item=3743729616&perks=202670084,106909392,1556840489,3523296417
dimwishlist:item=3743729616&perks=202670084,106909392,2946784966,1774574192
dimwishlist:item=3743729616&perks=202670084,106909392,2946784966,4104185692
dimwishlist:item=3743729616&perks=202670084,106909392,2946784966,3523296417
dimwishlist:item=3743729616&perks=202670084,1087426260,1556840489,1774574192
dimwishlist:item=3743729616&perks=202670084,1087426260,1556840489,4104185692
dimwishlist:item=3743729616&perks=202670084,1087426260,1556840489,3523296417
dimwishlist:item=3743729616&perks=202670084,1087426260,2946784966,1774574192
dimwishlist:item=3743729616&perks=202670084,1087426260,2946784966,4104185692
dimwishlist:item=3743729616&perks=202670084,1087426260,2946784966,3523296417
dimwishlist:item=3743729616&perks=3250034553,3142289711,1556840489,1774574192
dimwishlist:item=3743729616&perks=3250034553,3142289711,1556840489,4104185692
dimwishlist:item=3743729616&perks=3250034553,3142289711,1556840489,3523296417
dimwishlist:item=3743729616&perks=3250034553,3142289711,2946784966,1774574192
dimwishlist:item=3743729616&perks=3250034553,3142289711,2946784966,4104185692
dimwishlist:item=3743729616&perks=3250034553,3142289711,2946784966,3523296417
dimwishlist:item=3743729616&perks=3250034553,106909392,1556840489,1774574192
dimwishlist:item=3743729616&perks=3250034553,106909392,1556840489,4104185692
dimwishlist:item=3743729616&perks=3250034553,106909392,1556840489,3523296417
dimwishlist:item=3743729616&perks=3250034553,106909392,2946784966,1774574192
dimwishlist:item=3743729616&perks=3250034553,106909392,2946784966,4104185692
dimwishlist:item=3743729616&perks=3250034553,106909392,2946784966,3523296417
dimwishlist:item=3743729616&perks=3250034553,1087426260,1556840489,1774574192
dimwishlist:item=3743729616&perks=3250034553,1087426260,1556840489,4104185692
dimwishlist:item=3743729616&perks=3250034553,1087426260,1556840489,3523296417
dimwishlist:item=3743729616&perks=3250034553,1087426260,2946784966,1774574192
dimwishlist:item=3743729616&perks=3250034553,1087426260,2946784966,4104185692
dimwishlist:item=3743729616&perks=3250034553,1087426260,2946784966,3523296417


